7002
-7000
-7001
-7010
-7011
-7012
-7020
-7021
-7022
6000
6011
6020
6022
-6001
-6002
-6010
-6012
-6021
-100
111
120
-122
-2000
-2011
-2020
-2022
-3000 7001 7010 
-3000 7100 
-3010 7000 7011 7020 
-3010 7110
-3020 7010 7021 
-3020 7120
-3001 7000 7011 7002  
-3001 7101 
-3011 7001 7010 7012 7021 
-3011 7112
-3021 7020 7011 7022  
-3021 7121
-3002 7001 7012 
-3002 7102 
-3012 7002 7011 7022  
-3012 7112
-3022 7012 7021 
-3022 7122
-4000 7000
-4000 6000
-4000 100
-4000 -6100
-4000 7100
-4011 7011
-4011 6011
-4011 111
-4011 -6111
-4011 7111
-4020 7020
-4020 6020
-4020 120
-4020 -6120
-4020 7120
-4022 7022
-4022 6022
-4022 122
-4022 -6122
-4022 7122
-3000 -3010
-3000 -3020
-3000 -3001 
-3000 -3011 
-3000 -3021
-3000 -3002
-3000 -3012 
-3000 -3022
-3000 -4000
-3000 -4011
-3000 -4020
-3000 -4022
-3010 -3020
-3010 -3001 
-3010 -3011 
-3010 -3021
-3010 -3002
-3010 -3012 
-3010 -3022
-3010 -4000
-3010 -4011
-3010 -4020
-3010 -4022
-3020 -3001 
-3020 -3011 
-3020 -3021
-3020 -3002
-3020 -3012 
-3020 -3022
-3020 -4000
-3020 -4011
-3020 -4020
-3020 -4022
-3001 -3011 
-3001 -3021
-3001 -3002
-3001 -3012 
-3001 -3022
-3001 -4000
-3001 -4011
-3001 -4020
-3001 -4022
-3011 -3021
-3011 -3002
-3011 -3012 
-3011 -3022
-3011 -4000
-3011 -4011
-3011 -4020
-3011 -4022
-3021 -3002
-3021 -3012 
-3021 -3022
-3021 -4000
-3021 -4011
-3021 -4020
-3021 -4022
-3002 -3012 
-3002 -3022
-3002 -4000
-3002 -4011
-3002 -4020
-3002 -4022
-3012 -3022
-3012 -4000
-3012 -4011
-3012 -4020
-3012 -4022
-3022 -4000
-3022 -4011
-3022 -4020
-3022 -4022
-4000 -4011
-4000 -4020
-4000 -4022
-4011 -4020
-4011 -4022
-4020 -4022
7120 7100 7101 7102 7110 7111 7112 7121 7122
-7120 -7100
-7120 -7101
-7120 -7102
-7120 -7110
-7120 -7111
-7120 -7112
-7120 -7121
-7120 -7122
-7100 -7101
-7100 -7102
-7100 -7110
-7100 -7111
-7100 -7112
-7100 -7121
-7100 -7122
-7101 -7102
-7101 -7110
-7101 -7111
-7101 -7112
-7101 -7121
-7101 -7122
-7102 -7110
-7102 -7111
-7102 -7112
-7102 -7121
-7102 -7122
-7110 -7111
-7110 -7112
-7110 -7121
-7110 -7122
-7111 -7112
-7111 -7121
-7111 -7122
-7112 -7121
-7112 -7122
-7121 -7122
-7101 3001
-7102 3002
-7110 3010
-7112 3012
-7121 3021
6100 4000 -6000
6111 4011 -6011
6120 4020 -6020
6122 4022 -6022
-3100 7101 7110 
-3100 7200 
-3110 7100 7111 7120 
-3110 7210
-3120 7110 7121 
-3120 7220
-3101 7100 7111 7102  
-3101 7201 
-3111 7101 7110 7112 7121 
-3111 7212
-3121 7120 7111 7122  
-3121 7221
-3102 7101 7112 
-3102 7202 
-3112 7102 7111 7122  
-3112 7212
-3122 7112 7121 
-3122 7222
-4100 7100
-4100 6100
-4100 100
-4100 -6200
-4100 7200
-4111 7111
-4111 6111
-4111 111
-4111 -6211
-4111 7211
-4120 7120
-4120 6120
-4120 120
-4120 -6220
-4120 7220
-4122 7122
-4122 6122
-4122 122
-4122 -6222
-4122 7222
-3100 -3110
-3100 -3120
-3100 -3101 
-3100 -3111 
-3100 -3121
-3100 -3102
-3100 -3112 
-3100 -3122
-3100 -4100
-3100 -4111
-3100 -4120
-3100 -4122
-3110 -3120
-3110 -3101 
-3110 -3111 
-3110 -3121
-3110 -3102
-3110 -3112 
-3110 -3122
-3110 -4100
-3110 -4111
-3110 -4120
-3110 -4122
-3120 -3101 
-3120 -3111 
-3120 -3121
-3120 -3102
-3120 -3112 
-3120 -3122
-3120 -4100
-3120 -4111
-3120 -4120
-3120 -4122
-3101 -3111 
-3101 -3121
-3101 -3102
-3101 -3112 
-3101 -3122
-3101 -4100
-3101 -4111
-3101 -4120
-3101 -4122
-3111 -3121
-3111 -3102
-3111 -3112 
-3111 -3122
-3111 -4100
-3111 -4111
-3111 -4120
-3111 -4122
-3121 -3102
-3121 -3112 
-3121 -3122
-3121 -4100
-3121 -4111
-3121 -4120
-3121 -4122
-3102 -3112 
-3102 -3122
-3102 -4100
-3102 -4111
-3102 -4120
-3102 -4122
-3112 -3122
-3112 -4100
-3112 -4111
-3112 -4120
-3112 -4122
-3122 -4100
-3122 -4111
-3122 -4120
-3122 -4122
-4100 -4111
-4100 -4120
-4100 -4122
-4111 -4120
-4111 -4122
-4120 -4122
7220 7200 7201 7202 7210 7211 7212 7221 7222
-7220 -7200
-7220 -7201
-7220 -7202
-7220 -7210
-7220 -7211
-7220 -7212
-7220 -7221
-7220 -7222
-7200 -7201
-7200 -7202
-7200 -7210
-7200 -7211
-7200 -7212
-7200 -7221
-7200 -7222
-7201 -7202
-7201 -7210
-7201 -7211
-7201 -7212
-7201 -7221
-7201 -7222
-7202 -7210
-7202 -7211
-7202 -7212
-7202 -7221
-7202 -7222
-7210 -7211
-7210 -7212
-7210 -7221
-7210 -7222
-7211 -7212
-7211 -7221
-7211 -7222
-7212 -7221
-7212 -7222
-7221 -7222
-7201 3101
-7202 3102
-7210 3110
-7212 3112
-7221 3121
6200 4100 -6100
6211 4111 -6111
6220 4120 -6120
6222 4122 -6122
-3200 7201 7210 
-3200 7300 
-3210 7200 7211 7220 
-3210 7310
-3220 7210 7221 
-3220 7320
-3201 7200 7211 7202  
-3201 7301 
-3211 7201 7210 7212 7221 
-3211 7312
-3221 7220 7211 7222  
-3221 7321
-3202 7201 7212 
-3202 7302 
-3212 7202 7211 7222  
-3212 7312
-3222 7212 7221 
-3222 7322
-4200 7200
-4200 6200
-4200 100
-4200 -6300
-4200 7300
-4211 7211
-4211 6211
-4211 111
-4211 -6311
-4211 7311
-4220 7220
-4220 6220
-4220 120
-4220 -6320
-4220 7320
-4222 7222
-4222 6222
-4222 122
-4222 -6322
-4222 7322
-3200 -3210
-3200 -3220
-3200 -3201 
-3200 -3211 
-3200 -3221
-3200 -3202
-3200 -3212 
-3200 -3222
-3200 -4200
-3200 -4211
-3200 -4220
-3200 -4222
-3210 -3220
-3210 -3201 
-3210 -3211 
-3210 -3221
-3210 -3202
-3210 -3212 
-3210 -3222
-3210 -4200
-3210 -4211
-3210 -4220
-3210 -4222
-3220 -3201 
-3220 -3211 
-3220 -3221
-3220 -3202
-3220 -3212 
-3220 -3222
-3220 -4200
-3220 -4211
-3220 -4220
-3220 -4222
-3201 -3211 
-3201 -3221
-3201 -3202
-3201 -3212 
-3201 -3222
-3201 -4200
-3201 -4211
-3201 -4220
-3201 -4222
-3211 -3221
-3211 -3202
-3211 -3212 
-3211 -3222
-3211 -4200
-3211 -4211
-3211 -4220
-3211 -4222
-3221 -3202
-3221 -3212 
-3221 -3222
-3221 -4200
-3221 -4211
-3221 -4220
-3221 -4222
-3202 -3212 
-3202 -3222
-3202 -4200
-3202 -4211
-3202 -4220
-3202 -4222
-3212 -3222
-3212 -4200
-3212 -4211
-3212 -4220
-3212 -4222
-3222 -4200
-3222 -4211
-3222 -4220
-3222 -4222
-4200 -4211
-4200 -4220
-4200 -4222
-4211 -4220
-4211 -4222
-4220 -4222
7320 7300 7301 7302 7310 7311 7312 7321 7322
-7320 -7300
-7320 -7301
-7320 -7302
-7320 -7310
-7320 -7311
-7320 -7312
-7320 -7321
-7320 -7322
-7300 -7301
-7300 -7302
-7300 -7310
-7300 -7311
-7300 -7312
-7300 -7321
-7300 -7322
-7301 -7302
-7301 -7310
-7301 -7311
-7301 -7312
-7301 -7321
-7301 -7322
-7302 -7310
-7302 -7311
-7302 -7312
-7302 -7321
-7302 -7322
-7310 -7311
-7310 -7312
-7310 -7321
-7310 -7322
-7311 -7312
-7311 -7321
-7311 -7322
-7312 -7321
-7312 -7322
-7321 -7322
-7301 3201
-7302 3202
-7310 3210
-7312 3212
-7321 3221
6300 4200 -6200
6311 4211 -6211
6320 4220 -6220
6322 4222 -6222
-3300 7301 7310 
-3300 7400 
-3310 7300 7311 7320 
-3310 7410
-3320 7310 7321 
-3320 7420
-3301 7300 7311 7302  
-3301 7401 
-3311 7301 7310 7312 7321 
-3311 7412
-3321 7320 7311 7322  
-3321 7421
-3302 7301 7312 
-3302 7402 
-3312 7302 7311 7322  
-3312 7412
-3322 7312 7321 
-3322 7422
-4300 7300
-4300 6300
-4300 100
-4300 -6400
-4300 7400
-4311 7311
-4311 6311
-4311 111
-4311 -6411
-4311 7411
-4320 7320
-4320 6320
-4320 120
-4320 -6420
-4320 7420
-4322 7322
-4322 6322
-4322 122
-4322 -6422
-4322 7422
-3300 -3310
-3300 -3320
-3300 -3301 
-3300 -3311 
-3300 -3321
-3300 -3302
-3300 -3312 
-3300 -3322
-3300 -4300
-3300 -4311
-3300 -4320
-3300 -4322
-3310 -3320
-3310 -3301 
-3310 -3311 
-3310 -3321
-3310 -3302
-3310 -3312 
-3310 -3322
-3310 -4300
-3310 -4311
-3310 -4320
-3310 -4322
-3320 -3301 
-3320 -3311 
-3320 -3321
-3320 -3302
-3320 -3312 
-3320 -3322
-3320 -4300
-3320 -4311
-3320 -4320
-3320 -4322
-3301 -3311 
-3301 -3321
-3301 -3302
-3301 -3312 
-3301 -3322
-3301 -4300
-3301 -4311
-3301 -4320
-3301 -4322
-3311 -3321
-3311 -3302
-3311 -3312 
-3311 -3322
-3311 -4300
-3311 -4311
-3311 -4320
-3311 -4322
-3321 -3302
-3321 -3312 
-3321 -3322
-3321 -4300
-3321 -4311
-3321 -4320
-3321 -4322
-3302 -3312 
-3302 -3322
-3302 -4300
-3302 -4311
-3302 -4320
-3302 -4322
-3312 -3322
-3312 -4300
-3312 -4311
-3312 -4320
-3312 -4322
-3322 -4300
-3322 -4311
-3322 -4320
-3322 -4322
-4300 -4311
-4300 -4320
-4300 -4322
-4311 -4320
-4311 -4322
-4320 -4322
7420 7400 7401 7402 7410 7411 7412 7421 7422
-7420 -7400
-7420 -7401
-7420 -7402
-7420 -7410
-7420 -7411
-7420 -7412
-7420 -7421
-7420 -7422
-7400 -7401
-7400 -7402
-7400 -7410
-7400 -7411
-7400 -7412
-7400 -7421
-7400 -7422
-7401 -7402
-7401 -7410
-7401 -7411
-7401 -7412
-7401 -7421
-7401 -7422
-7402 -7410
-7402 -7411
-7402 -7412
-7402 -7421
-7402 -7422
-7410 -7411
-7410 -7412
-7410 -7421
-7410 -7422
-7411 -7412
-7411 -7421
-7411 -7422
-7412 -7421
-7412 -7422
-7421 -7422
-7401 3301
-7402 3302
-7410 3310
-7412 3312
-7421 3321
6400 4300 -6300
6411 4311 -6311
6420 4320 -6320
6422 4322 -6322
-3400 7401 7410 
-3400 7500 
-3410 7400 7411 7420 
-3410 7510
-3420 7410 7421 
-3420 7520
-3401 7400 7411 7402  
-3401 7501 
-3411 7401 7410 7412 7421 
-3411 7512
-3421 7420 7411 7422  
-3421 7521
-3402 7401 7412 
-3402 7502 
-3412 7402 7411 7422  
-3412 7512
-3422 7412 7421 
-3422 7522
-4400 7400
-4400 6400
-4400 100
-4400 -6500
-4400 7500
-4411 7411
-4411 6411
-4411 111
-4411 -6511
-4411 7511
-4420 7420
-4420 6420
-4420 120
-4420 -6520
-4420 7520
-4422 7422
-4422 6422
-4422 122
-4422 -6522
-4422 7522
-3400 -3410
-3400 -3420
-3400 -3401 
-3400 -3411 
-3400 -3421
-3400 -3402
-3400 -3412 
-3400 -3422
-3400 -4400
-3400 -4411
-3400 -4420
-3400 -4422
-3410 -3420
-3410 -3401 
-3410 -3411 
-3410 -3421
-3410 -3402
-3410 -3412 
-3410 -3422
-3410 -4400
-3410 -4411
-3410 -4420
-3410 -4422
-3420 -3401 
-3420 -3411 
-3420 -3421
-3420 -3402
-3420 -3412 
-3420 -3422
-3420 -4400
-3420 -4411
-3420 -4420
-3420 -4422
-3401 -3411 
-3401 -3421
-3401 -3402
-3401 -3412 
-3401 -3422
-3401 -4400
-3401 -4411
-3401 -4420
-3401 -4422
-3411 -3421
-3411 -3402
-3411 -3412 
-3411 -3422
-3411 -4400
-3411 -4411
-3411 -4420
-3411 -4422
-3421 -3402
-3421 -3412 
-3421 -3422
-3421 -4400
-3421 -4411
-3421 -4420
-3421 -4422
-3402 -3412 
-3402 -3422
-3402 -4400
-3402 -4411
-3402 -4420
-3402 -4422
-3412 -3422
-3412 -4400
-3412 -4411
-3412 -4420
-3412 -4422
-3422 -4400
-3422 -4411
-3422 -4420
-3422 -4422
-4400 -4411
-4400 -4420
-4400 -4422
-4411 -4420
-4411 -4422
-4420 -4422
7520 7500 7501 7502 7510 7511 7512 7521 7522
-7520 -7500
-7520 -7501
-7520 -7502
-7520 -7510
-7520 -7511
-7520 -7512
-7520 -7521
-7520 -7522
-7500 -7501
-7500 -7502
-7500 -7510
-7500 -7511
-7500 -7512
-7500 -7521
-7500 -7522
-7501 -7502
-7501 -7510
-7501 -7511
-7501 -7512
-7501 -7521
-7501 -7522
-7502 -7510
-7502 -7511
-7502 -7512
-7502 -7521
-7502 -7522
-7510 -7511
-7510 -7512
-7510 -7521
-7510 -7522
-7511 -7512
-7511 -7521
-7511 -7522
-7512 -7521
-7512 -7522
-7521 -7522
-7501 3401
-7502 3402
-7510 3410
-7512 3412
-7521 3421
6500 4400 -6400
6511 4411 -6411
6520 4420 -6420
6522 4422 -6422
-3500 7501 7510 
-3500 7600 
-3510 7500 7511 7520 
-3510 7610
-3520 7510 7521 
-3520 7620
-3501 7500 7511 7502  
-3501 7601 
-3511 7501 7510 7512 7521 
-3511 7612
-3521 7520 7511 7522  
-3521 7621
-3502 7501 7512 
-3502 7602 
-3512 7502 7511 7522  
-3512 7612
-3522 7512 7521 
-3522 7622
-4500 7500
-4500 6500
-4500 100
-4500 -6600
-4500 7600
-4511 7511
-4511 6511
-4511 111
-4511 -6611
-4511 7611
-4520 7520
-4520 6520
-4520 120
-4520 -6620
-4520 7620
-4522 7522
-4522 6522
-4522 122
-4522 -6622
-4522 7622
-3500 -3510
-3500 -3520
-3500 -3501 
-3500 -3511 
-3500 -3521
-3500 -3502
-3500 -3512 
-3500 -3522
-3500 -4500
-3500 -4511
-3500 -4520
-3500 -4522
-3510 -3520
-3510 -3501 
-3510 -3511 
-3510 -3521
-3510 -3502
-3510 -3512 
-3510 -3522
-3510 -4500
-3510 -4511
-3510 -4520
-3510 -4522
-3520 -3501 
-3520 -3511 
-3520 -3521
-3520 -3502
-3520 -3512 
-3520 -3522
-3520 -4500
-3520 -4511
-3520 -4520
-3520 -4522
-3501 -3511 
-3501 -3521
-3501 -3502
-3501 -3512 
-3501 -3522
-3501 -4500
-3501 -4511
-3501 -4520
-3501 -4522
-3511 -3521
-3511 -3502
-3511 -3512 
-3511 -3522
-3511 -4500
-3511 -4511
-3511 -4520
-3511 -4522
-3521 -3502
-3521 -3512 
-3521 -3522
-3521 -4500
-3521 -4511
-3521 -4520
-3521 -4522
-3502 -3512 
-3502 -3522
-3502 -4500
-3502 -4511
-3502 -4520
-3502 -4522
-3512 -3522
-3512 -4500
-3512 -4511
-3512 -4520
-3512 -4522
-3522 -4500
-3522 -4511
-3522 -4520
-3522 -4522
-4500 -4511
-4500 -4520
-4500 -4522
-4511 -4520
-4511 -4522
-4520 -4522
7620 7600 7601 7602 7610 7611 7612 7621 7622
-7620 -7600
-7620 -7601
-7620 -7602
-7620 -7610
-7620 -7611
-7620 -7612
-7620 -7621
-7620 -7622
-7600 -7601
-7600 -7602
-7600 -7610
-7600 -7611
-7600 -7612
-7600 -7621
-7600 -7622
-7601 -7602
-7601 -7610
-7601 -7611
-7601 -7612
-7601 -7621
-7601 -7622
-7602 -7610
-7602 -7611
-7602 -7612
-7602 -7621
-7602 -7622
-7610 -7611
-7610 -7612
-7610 -7621
-7610 -7622
-7611 -7612
-7611 -7621
-7611 -7622
-7612 -7621
-7612 -7622
-7621 -7622
-7601 3501
-7602 3502
-7610 3510
-7612 3512
-7621 3521
6600 4500 -6500
6611 4511 -6511
6620 4520 -6520
6622 4522 -6522
-3600 7601 7610 
-3600 7700 
-3610 7600 7611 7620 
-3610 7710
-3620 7610 7621 
-3620 7720
-3601 7600 7611 7602  
-3601 7701 
-3611 7601 7610 7612 7621 
-3611 7712
-3621 7620 7611 7622  
-3621 7721
-3602 7601 7612 
-3602 7702 
-3612 7602 7611 7622  
-3612 7712
-3622 7612 7621 
-3622 7722
-4600 7600
-4600 6600
-4600 100
-4600 -6700
-4600 7700
-4611 7611
-4611 6611
-4611 111
-4611 -6711
-4611 7711
-4620 7620
-4620 6620
-4620 120
-4620 -6720
-4620 7720
-4622 7622
-4622 6622
-4622 122
-4622 -6722
-4622 7722
-3600 -3610
-3600 -3620
-3600 -3601 
-3600 -3611 
-3600 -3621
-3600 -3602
-3600 -3612 
-3600 -3622
-3600 -4600
-3600 -4611
-3600 -4620
-3600 -4622
-3610 -3620
-3610 -3601 
-3610 -3611 
-3610 -3621
-3610 -3602
-3610 -3612 
-3610 -3622
-3610 -4600
-3610 -4611
-3610 -4620
-3610 -4622
-3620 -3601 
-3620 -3611 
-3620 -3621
-3620 -3602
-3620 -3612 
-3620 -3622
-3620 -4600
-3620 -4611
-3620 -4620
-3620 -4622
-3601 -3611 
-3601 -3621
-3601 -3602
-3601 -3612 
-3601 -3622
-3601 -4600
-3601 -4611
-3601 -4620
-3601 -4622
-3611 -3621
-3611 -3602
-3611 -3612 
-3611 -3622
-3611 -4600
-3611 -4611
-3611 -4620
-3611 -4622
-3621 -3602
-3621 -3612 
-3621 -3622
-3621 -4600
-3621 -4611
-3621 -4620
-3621 -4622
-3602 -3612 
-3602 -3622
-3602 -4600
-3602 -4611
-3602 -4620
-3602 -4622
-3612 -3622
-3612 -4600
-3612 -4611
-3612 -4620
-3612 -4622
-3622 -4600
-3622 -4611
-3622 -4620
-3622 -4622
-4600 -4611
-4600 -4620
-4600 -4622
-4611 -4620
-4611 -4622
-4620 -4622
7720 7700 7701 7702 7710 7711 7712 7721 7722
-7720 -7700
-7720 -7701
-7720 -7702
-7720 -7710
-7720 -7711
-7720 -7712
-7720 -7721
-7720 -7722
-7700 -7701
-7700 -7702
-7700 -7710
-7700 -7711
-7700 -7712
-7700 -7721
-7700 -7722
-7701 -7702
-7701 -7710
-7701 -7711
-7701 -7712
-7701 -7721
-7701 -7722
-7702 -7710
-7702 -7711
-7702 -7712
-7702 -7721
-7702 -7722
-7710 -7711
-7710 -7712
-7710 -7721
-7710 -7722
-7711 -7712
-7711 -7721
-7711 -7722
-7712 -7721
-7712 -7722
-7721 -7722
-7701 3601
-7702 3602
-7710 3610
-7712 3612
-7721 3621
6700 4600 -6600
6711 4611 -6611
6720 4620 -6620
6722 4622 -6622
-3700 7701 7710 
-3700 7800 
-3710 7700 7711 7720 
-3710 7810
-3720 7710 7721 
-3720 7820
-3701 7700 7711 7702  
-3701 7801 
-3711 7701 7710 7712 7721 
-3711 7812
-3721 7720 7711 7722  
-3721 7821
-3702 7701 7712 
-3702 7802 
-3712 7702 7711 7722  
-3712 7812
-3722 7712 7721 
-3722 7822
-4700 7700
-4700 6700
-4700 100
-4700 -6800
-4700 7800
-4711 7711
-4711 6711
-4711 111
-4711 -6811
-4711 7811
-4720 7720
-4720 6720
-4720 120
-4720 -6820
-4720 7820
-4722 7722
-4722 6722
-4722 122
-4722 -6822
-4722 7822
-3700 -3710
-3700 -3720
-3700 -3701 
-3700 -3711 
-3700 -3721
-3700 -3702
-3700 -3712 
-3700 -3722
-3700 -4700
-3700 -4711
-3700 -4720
-3700 -4722
-3710 -3720
-3710 -3701 
-3710 -3711 
-3710 -3721
-3710 -3702
-3710 -3712 
-3710 -3722
-3710 -4700
-3710 -4711
-3710 -4720
-3710 -4722
-3720 -3701 
-3720 -3711 
-3720 -3721
-3720 -3702
-3720 -3712 
-3720 -3722
-3720 -4700
-3720 -4711
-3720 -4720
-3720 -4722
-3701 -3711 
-3701 -3721
-3701 -3702
-3701 -3712 
-3701 -3722
-3701 -4700
-3701 -4711
-3701 -4720
-3701 -4722
-3711 -3721
-3711 -3702
-3711 -3712 
-3711 -3722
-3711 -4700
-3711 -4711
-3711 -4720
-3711 -4722
-3721 -3702
-3721 -3712 
-3721 -3722
-3721 -4700
-3721 -4711
-3721 -4720
-3721 -4722
-3702 -3712 
-3702 -3722
-3702 -4700
-3702 -4711
-3702 -4720
-3702 -4722
-3712 -3722
-3712 -4700
-3712 -4711
-3712 -4720
-3712 -4722
-3722 -4700
-3722 -4711
-3722 -4720
-3722 -4722
-4700 -4711
-4700 -4720
-4700 -4722
-4711 -4720
-4711 -4722
-4720 -4722
7820 7800 7801 7802 7810 7811 7812 7821 7822
-7820 -7800
-7820 -7801
-7820 -7802
-7820 -7810
-7820 -7811
-7820 -7812
-7820 -7821
-7820 -7822
-7800 -7801
-7800 -7802
-7800 -7810
-7800 -7811
-7800 -7812
-7800 -7821
-7800 -7822
-7801 -7802
-7801 -7810
-7801 -7811
-7801 -7812
-7801 -7821
-7801 -7822
-7802 -7810
-7802 -7811
-7802 -7812
-7802 -7821
-7802 -7822
-7810 -7811
-7810 -7812
-7810 -7821
-7810 -7822
-7811 -7812
-7811 -7821
-7811 -7822
-7812 -7821
-7812 -7822
-7821 -7822
-7801 3701
-7802 3702
-7810 3710
-7812 3712
-7821 3721
6800 4700 -6700
6811 4711 -6711
6820 4720 -6720
6822 4722 -6722
-3800 7801 7810 
-3800 7900 
-3810 7800 7811 7820 
-3810 7910
-3820 7810 7821 
-3820 7920
-3801 7800 7811 7802  
-3801 7901 
-3811 7801 7810 7812 7821 
-3811 7912
-3821 7820 7811 7822  
-3821 7921
-3802 7801 7812 
-3802 7902 
-3812 7802 7811 7822  
-3812 7912
-3822 7812 7821 
-3822 7922
-4800 7800
-4800 6800
-4800 100
-4800 -6900
-4800 7900
-4811 7811
-4811 6811
-4811 111
-4811 -6911
-4811 7911
-4820 7820
-4820 6820
-4820 120
-4820 -6920
-4820 7920
-4822 7822
-4822 6822
-4822 122
-4822 -6922
-4822 7922
-3800 -3810
-3800 -3820
-3800 -3801 
-3800 -3811 
-3800 -3821
-3800 -3802
-3800 -3812 
-3800 -3822
-3800 -4800
-3800 -4811
-3800 -4820
-3800 -4822
-3810 -3820
-3810 -3801 
-3810 -3811 
-3810 -3821
-3810 -3802
-3810 -3812 
-3810 -3822
-3810 -4800
-3810 -4811
-3810 -4820
-3810 -4822
-3820 -3801 
-3820 -3811 
-3820 -3821
-3820 -3802
-3820 -3812 
-3820 -3822
-3820 -4800
-3820 -4811
-3820 -4820
-3820 -4822
-3801 -3811 
-3801 -3821
-3801 -3802
-3801 -3812 
-3801 -3822
-3801 -4800
-3801 -4811
-3801 -4820
-3801 -4822
-3811 -3821
-3811 -3802
-3811 -3812 
-3811 -3822
-3811 -4800
-3811 -4811
-3811 -4820
-3811 -4822
-3821 -3802
-3821 -3812 
-3821 -3822
-3821 -4800
-3821 -4811
-3821 -4820
-3821 -4822
-3802 -3812 
-3802 -3822
-3802 -4800
-3802 -4811
-3802 -4820
-3802 -4822
-3812 -3822
-3812 -4800
-3812 -4811
-3812 -4820
-3812 -4822
-3822 -4800
-3822 -4811
-3822 -4820
-3822 -4822
-4800 -4811
-4800 -4820
-4800 -4822
-4811 -4820
-4811 -4822
-4820 -4822
7920 7900 7901 7902 7910 7911 7912 7921 7922
-7920 -7900
-7920 -7901
-7920 -7902
-7920 -7910
-7920 -7911
-7920 -7912
-7920 -7921
-7920 -7922
-7900 -7901
-7900 -7902
-7900 -7910
-7900 -7911
-7900 -7912
-7900 -7921
-7900 -7922
-7901 -7902
-7901 -7910
-7901 -7911
-7901 -7912
-7901 -7921
-7901 -7922
-7902 -7910
-7902 -7911
-7902 -7912
-7902 -7921
-7902 -7922
-7910 -7911
-7910 -7912
-7910 -7921
-7910 -7922
-7911 -7912
-7911 -7921
-7911 -7922
-7912 -7921
-7912 -7922
-7921 -7922
-7901 3801
-7902 3802
-7910 3810
-7912 3812
-7921 3821
6900 4800 -6800
6911 4811 -6811
6920 4820 -6820
6922 4822 -6822
-3900 7901 7910 
-3900 71000 
-3910 7900 7911 7920 
-3910 71010
-3920 7910 7921 
-3920 71020
-3901 7900 7911 7902  
-3901 71001 
-3911 7901 7910 7912 7921 
-3911 71012
-3921 7920 7911 7922  
-3921 71021
-3902 7901 7912 
-3902 71002 
-3912 7902 7911 7922  
-3912 71012
-3922 7912 7921 
-3922 71022
-4900 7900
-4900 6900
-4900 100
-4900 -61000
-4900 71000
-4911 7911
-4911 6911
-4911 111
-4911 -61011
-4911 71011
-4920 7920
-4920 6920
-4920 120
-4920 -61020
-4920 71020
-4922 7922
-4922 6922
-4922 122
-4922 -61022
-4922 71022
-3900 -3910
-3900 -3920
-3900 -3901 
-3900 -3911 
-3900 -3921
-3900 -3902
-3900 -3912 
-3900 -3922
-3900 -4900
-3900 -4911
-3900 -4920
-3900 -4922
-3910 -3920
-3910 -3901 
-3910 -3911 
-3910 -3921
-3910 -3902
-3910 -3912 
-3910 -3922
-3910 -4900
-3910 -4911
-3910 -4920
-3910 -4922
-3920 -3901 
-3920 -3911 
-3920 -3921
-3920 -3902
-3920 -3912 
-3920 -3922
-3920 -4900
-3920 -4911
-3920 -4920
-3920 -4922
-3901 -3911 
-3901 -3921
-3901 -3902
-3901 -3912 
-3901 -3922
-3901 -4900
-3901 -4911
-3901 -4920
-3901 -4922
-3911 -3921
-3911 -3902
-3911 -3912 
-3911 -3922
-3911 -4900
-3911 -4911
-3911 -4920
-3911 -4922
-3921 -3902
-3921 -3912 
-3921 -3922
-3921 -4900
-3921 -4911
-3921 -4920
-3921 -4922
-3902 -3912 
-3902 -3922
-3902 -4900
-3902 -4911
-3902 -4920
-3902 -4922
-3912 -3922
-3912 -4900
-3912 -4911
-3912 -4920
-3912 -4922
-3922 -4900
-3922 -4911
-3922 -4920
-3922 -4922
-4900 -4911
-4900 -4920
-4900 -4922
-4911 -4920
-4911 -4922
-4920 -4922
71020 71000 71001 71002 71010 71011 71012 71021 71022
-71020 -71000
-71020 -71001
-71020 -71002
-71020 -71010
-71020 -71011
-71020 -71012
-71020 -71021
-71020 -71022
-71000 -71001
-71000 -71002
-71000 -71010
-71000 -71011
-71000 -71012
-71000 -71021
-71000 -71022
-71001 -71002
-71001 -71010
-71001 -71011
-71001 -71012
-71001 -71021
-71001 -71022
-71002 -71010
-71002 -71011
-71002 -71012
-71002 -71021
-71002 -71022
-71010 -71011
-71010 -71012
-71010 -71021
-71010 -71022
-71011 -71012
-71011 -71021
-71011 -71022
-71012 -71021
-71012 -71022
-71021 -71022
-71001 3901
-71002 3902
-71010 3910
-71012 3912
-71021 3921
61000 4900 -6900
61011 4911 -6911
61020 4920 -6920
61022 4922 -6922
-61011
-61020
