7002
-7000
-7001
-7010
-7011
-7012
-7020
-7021
-7022
6000
6011
6020
6022
-6001
-6002
-6010
-6012
-6021
-100
111
120
-122
-2000
-2011
-2020
-2022
-3000 7001 7010 
-3000 7100 
-3010 7000 7011 7020 
-3010 7110
-3020 7010 7021 
-3020 7120
-3001 7000 7011 7002  
-3001 7101 
-3011 7001 7010 7012 7021 
-3011 7112
-3021 7020 7011 7022  
-3021 7121
-3002 7001 7012 
-3002 7102 
-3012 7002 7011 7022  
-3012 7112
-3022 7012 7021 
-3022 7122
-4000 7000
-4000 6000
-4000 100
-4000 -6100
-4000 7100
-4011 7011
-4011 6011
-4011 111
-4011 -6111
-4011 7111
-4020 7020
-4020 6020
-4020 120
-4020 -6120
-4020 7120
-4022 7022
-4022 6022
-4022 122
-4022 -6122
-4022 7122
-3000 -3010
-3000 -3020
-3000 -3001 
-3000 -3011 
-3000 -3021
-3000 -3002
-3000 -3012 
-3000 -3022
-3000 -4000
-3000 -4011
-3000 -4020
-3000 -4022
-3010 -3020
-3010 -3001 
-3010 -3011 
-3010 -3021
-3010 -3002
-3010 -3012 
-3010 -3022
-3010 -4000
-3010 -4011
-3010 -4020
-3010 -4022
-3020 -3001 
-3020 -3011 
-3020 -3021
-3020 -3002
-3020 -3012 
-3020 -3022
-3020 -4000
-3020 -4011
-3020 -4020
-3020 -4022
-3001 -3011 
-3001 -3021
-3001 -3002
-3001 -3012 
-3001 -3022
-3001 -4000
-3001 -4011
-3001 -4020
-3001 -4022
-3011 -3021
-3011 -3002
-3011 -3012 
-3011 -3022
-3011 -4000
-3011 -4011
-3011 -4020
-3011 -4022
-3021 -3002
-3021 -3012 
-3021 -3022
-3021 -4000
-3021 -4011
-3021 -4020
-3021 -4022
-3002 -3012 
-3002 -3022
-3002 -4000
-3002 -4011
-3002 -4020
-3002 -4022
-3012 -3022
-3012 -4000
-3012 -4011
-3012 -4020
-3012 -4022
-3022 -4000
-3022 -4011
-3022 -4020
-3022 -4022
-4000 -4011
-4000 -4020
-4000 -4022
-4011 -4020
-4011 -4022
-4020 -4022
7120 7100 7101 7102 7110 7111 7112 7121 7122
-7120 -7100
-7120 -7101
-7120 -7102
-7120 -7110
-7120 -7111
-7120 -7112
-7120 -7121
-7120 -7122
-7100 -7101
-7100 -7102
-7100 -7110
-7100 -7111
-7100 -7112
-7100 -7121
-7100 -7122
-7101 -7102
-7101 -7110
-7101 -7111
-7101 -7112
-7101 -7121
-7101 -7122
-7102 -7110
-7102 -7111
-7102 -7112
-7102 -7121
-7102 -7122
-7110 -7111
-7110 -7112
-7110 -7121
-7110 -7122
-7111 -7112
-7111 -7121
-7111 -7122
-7112 -7121
-7112 -7122
-7121 -7122
-7101 3001
-7102 3002
-7110 3010
-7112 3012
-7121 3021
6100 4000 -6000
6111 4011 -6011
6120 4020 -6020
6122 4022 -6022
-3100 7101 7110 
-3100 7200 
-3110 7100 7111 7120 
-3110 7210
-3120 7110 7121 
-3120 7220
-3101 7100 7111 7102  
-3101 7201 
-3111 7101 7110 7112 7121 
-3111 7212
-3121 7120 7111 7122  
-3121 7221
-3102 7101 7112 
-3102 7202 
-3112 7102 7111 7122  
-3112 7212
-3122 7112 7121 
-3122 7222
-4000 7100
-4000 6000
-4000 100
-4000 -6100
-4000 7200
-4011 7111
-4011 6011
-4011 111
-4011 -6111
-4011 7211
-4020 7120
-4020 6020
-4020 120
-4020 -6120
-4020 7220
-4022 7122
-4022 6022
-4022 122
-4022 -6122
-4022 7222
-3100 -3110
-3100 -3120
-3100 -3101 
-3100 -3111 
-3100 -3121
-3100 -3102
-3100 -3112 
-3100 -3122
-3100 -4000
-3100 -4011
-3100 -4020
-3100 -4022
-3110 -3120
-3110 -3101 
-3110 -3111 
-3110 -3121
-3110 -3102
-3110 -3112 
-3110 -3122
-3110 -4000
-3110 -4011
-3110 -4020
-3110 -4022
-3120 -3101 
-3120 -3111 
-3120 -3121
-3120 -3102
-3120 -3112 
-3120 -3122
-3120 -4000
-3120 -4011
-3120 -4020
-3120 -4022
-3101 -3111 
-3101 -3121
-3101 -3102
-3101 -3112 
-3101 -3122
-3101 -4000
-3101 -4011
-3101 -4020
-3101 -4022
-3111 -3121
-3111 -3102
-3111 -3112 
-3111 -3122
-3111 -4000
-3111 -4011
-3111 -4020
-3111 -4022
-3121 -3102
-3121 -3112 
-3121 -3122
-3121 -4000
-3121 -4011
-3121 -4020
-3121 -4022
-3102 -3112 
-3102 -3122
-3102 -4000
-3102 -4011
-3102 -4020
-3102 -4022
-3112 -3122
-3112 -4000
-3112 -4011
-3112 -4020
-3112 -4022
-3122 -4000
-3122 -4011
-3122 -4020
-3122 -4022
-4000 -4011
-4000 -4020
-4000 -4022
-4011 -4020
-4011 -4022
-4020 -4022
7220 7200 7201 7202 7210 7211 7212 7221 7222
-7220 -7200
-7220 -7201
-7220 -7202
-7220 -7210
-7220 -7211
-7220 -7212
-7220 -7221
-7220 -7222
-7200 -7201
-7200 -7202
-7200 -7210
-7200 -7211
-7200 -7212
-7200 -7221
-7200 -7222
-7201 -7202
-7201 -7210
-7201 -7211
-7201 -7212
-7201 -7221
-7201 -7222
-7202 -7210
-7202 -7211
-7202 -7212
-7202 -7221
-7202 -7222
-7210 -7211
-7210 -7212
-7210 -7221
-7210 -7222
-7211 -7212
-7211 -7221
-7211 -7222
-7212 -7221
-7212 -7222
-7221 -7222
-7201 3101
-7202 3102
-7210 3110
-7212 3112
-7221 3121
6100 4000 -6000
6111 4011 -6011
6120 4020 -6020
6122 4022 -6022
-3200 7201 7210 
-3200 7300 
-3210 7200 7211 7220 
-3210 7310
-3220 7210 7221 
-3220 7320
-3201 7200 7211 7202  
-3201 7301 
-3211 7201 7210 7212 7221 
-3211 7312
-3221 7220 7211 7222  
-3221 7321
-3202 7201 7212 
-3202 7302 
-3212 7202 7211 7222  
-3212 7312
-3222 7212 7221 
-3222 7322
-4000 7200
-4000 6000
-4000 100
-4000 -6100
-4000 7300
-4011 7211
-4011 6011
-4011 111
-4011 -6111
-4011 7311
-4020 7220
-4020 6020
-4020 120
-4020 -6120
-4020 7320
-4022 7222
-4022 6022
-4022 122
-4022 -6122
-4022 7322
-3200 -3210
-3200 -3220
-3200 -3201 
-3200 -3211 
-3200 -3221
-3200 -3202
-3200 -3212 
-3200 -3222
-3200 -4000
-3200 -4011
-3200 -4020
-3200 -4022
-3210 -3220
-3210 -3201 
-3210 -3211 
-3210 -3221
-3210 -3202
-3210 -3212 
-3210 -3222
-3210 -4000
-3210 -4011
-3210 -4020
-3210 -4022
-3220 -3201 
-3220 -3211 
-3220 -3221
-3220 -3202
-3220 -3212 
-3220 -3222
-3220 -4000
-3220 -4011
-3220 -4020
-3220 -4022
-3201 -3211 
-3201 -3221
-3201 -3202
-3201 -3212 
-3201 -3222
-3201 -4000
-3201 -4011
-3201 -4020
-3201 -4022
-3211 -3221
-3211 -3202
-3211 -3212 
-3211 -3222
-3211 -4000
-3211 -4011
-3211 -4020
-3211 -4022
-3221 -3202
-3221 -3212 
-3221 -3222
-3221 -4000
-3221 -4011
-3221 -4020
-3221 -4022
-3202 -3212 
-3202 -3222
-3202 -4000
-3202 -4011
-3202 -4020
-3202 -4022
-3212 -3222
-3212 -4000
-3212 -4011
-3212 -4020
-3212 -4022
-3222 -4000
-3222 -4011
-3222 -4020
-3222 -4022
-4000 -4011
-4000 -4020
-4000 -4022
-4011 -4020
-4011 -4022
-4020 -4022
7320 7300 7301 7302 7310 7311 7312 7321 7322
-7320 -7300
-7320 -7301
-7320 -7302
-7320 -7310
-7320 -7311
-7320 -7312
-7320 -7321
-7320 -7322
-7300 -7301
-7300 -7302
-7300 -7310
-7300 -7311
-7300 -7312
-7300 -7321
-7300 -7322
-7301 -7302
-7301 -7310
-7301 -7311
-7301 -7312
-7301 -7321
-7301 -7322
-7302 -7310
-7302 -7311
-7302 -7312
-7302 -7321
-7302 -7322
-7310 -7311
-7310 -7312
-7310 -7321
-7310 -7322
-7311 -7312
-7311 -7321
-7311 -7322
-7312 -7321
-7312 -7322
-7321 -7322
-7301 3201
-7302 3202
-7310 3210
-7312 3212
-7321 3221
6100 4000 -6000
6111 4011 -6011
6120 4020 -6020
6122 4022 -6022
-3300 7301 7310 
-3300 7400 
-3310 7300 7311 7320 
-3310 7410
-3320 7310 7321 
-3320 7420
-3301 7300 7311 7302  
-3301 7401 
-3311 7301 7310 7312 7321 
-3311 7412
-3321 7320 7311 7322  
-3321 7421
-3302 7301 7312 
-3302 7402 
-3312 7302 7311 7322  
-3312 7412
-3322 7312 7321 
-3322 7422
-4000 7300
-4000 6000
-4000 100
-4000 -6100
-4000 7400
-4011 7311
-4011 6011
-4011 111
-4011 -6111
-4011 7411
-4020 7320
-4020 6020
-4020 120
-4020 -6120
-4020 7420
-4022 7322
-4022 6022
-4022 122
-4022 -6122
-4022 7422
-3300 -3310
-3300 -3320
-3300 -3301 
-3300 -3311 
-3300 -3321
-3300 -3302
-3300 -3312 
-3300 -3322
-3300 -4000
-3300 -4011
-3300 -4020
-3300 -4022
-3310 -3320
-3310 -3301 
-3310 -3311 
-3310 -3321
-3310 -3302
-3310 -3312 
-3310 -3322
-3310 -4000
-3310 -4011
-3310 -4020
-3310 -4022
-3320 -3301 
-3320 -3311 
-3320 -3321
-3320 -3302
-3320 -3312 
-3320 -3322
-3320 -4000
-3320 -4011
-3320 -4020
-3320 -4022
-3301 -3311 
-3301 -3321
-3301 -3302
-3301 -3312 
-3301 -3322
-3301 -4000
-3301 -4011
-3301 -4020
-3301 -4022
-3311 -3321
-3311 -3302
-3311 -3312 
-3311 -3322
-3311 -4000
-3311 -4011
-3311 -4020
-3311 -4022
-3321 -3302
-3321 -3312 
-3321 -3322
-3321 -4000
-3321 -4011
-3321 -4020
-3321 -4022
-3302 -3312 
-3302 -3322
-3302 -4000
-3302 -4011
-3302 -4020
-3302 -4022
-3312 -3322
-3312 -4000
-3312 -4011
-3312 -4020
-3312 -4022
-3322 -4000
-3322 -4011
-3322 -4020
-3322 -4022
-4000 -4011
-4000 -4020
-4000 -4022
-4011 -4020
-4011 -4022
-4020 -4022
7420 7400 7401 7402 7410 7411 7412 7421 7422
-7420 -7400
-7420 -7401
-7420 -7402
-7420 -7410
-7420 -7411
-7420 -7412
-7420 -7421
-7420 -7422
-7400 -7401
-7400 -7402
-7400 -7410
-7400 -7411
-7400 -7412
-7400 -7421
-7400 -7422
-7401 -7402
-7401 -7410
-7401 -7411
-7401 -7412
-7401 -7421
-7401 -7422
-7402 -7410
-7402 -7411
-7402 -7412
-7402 -7421
-7402 -7422
-7410 -7411
-7410 -7412
-7410 -7421
-7410 -7422
-7411 -7412
-7411 -7421
-7411 -7422
-7412 -7421
-7412 -7422
-7421 -7422
-7401 3301
-7402 3302
-7410 3310
-7412 3312
-7421 3321
6100 4000 -6000
6111 4011 -6011
6120 4020 -6020
6122 4022 -6022
-3400 7401 7410 
-3400 7500 
-3410 7400 7411 7420 
-3410 7510
-3420 7410 7421 
-3420 7520
-3401 7400 7411 7402  
-3401 7501 
-3411 7401 7410 7412 7421 
-3411 7512
-3421 7420 7411 7422  
-3421 7521
-3402 7401 7412 
-3402 7502 
-3412 7402 7411 7422  
-3412 7512
-3422 7412 7421 
-3422 7522
-4000 7400
-4000 6000
-4000 100
-4000 -6100
-4000 7500
-4011 7411
-4011 6011
-4011 111
-4011 -6111
-4011 7511
-4020 7420
-4020 6020
-4020 120
-4020 -6120
-4020 7520
-4022 7422
-4022 6022
-4022 122
-4022 -6122
-4022 7522
-3400 -3410
-3400 -3420
-3400 -3401 
-3400 -3411 
-3400 -3421
-3400 -3402
-3400 -3412 
-3400 -3422
-3400 -4000
-3400 -4011
-3400 -4020
-3400 -4022
-3410 -3420
-3410 -3401 
-3410 -3411 
-3410 -3421
-3410 -3402
-3410 -3412 
-3410 -3422
-3410 -4000
-3410 -4011
-3410 -4020
-3410 -4022
-3420 -3401 
-3420 -3411 
-3420 -3421
-3420 -3402
-3420 -3412 
-3420 -3422
-3420 -4000
-3420 -4011
-3420 -4020
-3420 -4022
-3401 -3411 
-3401 -3421
-3401 -3402
-3401 -3412 
-3401 -3422
-3401 -4000
-3401 -4011
-3401 -4020
-3401 -4022
-3411 -3421
-3411 -3402
-3411 -3412 
-3411 -3422
-3411 -4000
-3411 -4011
-3411 -4020
-3411 -4022
-3421 -3402
-3421 -3412 
-3421 -3422
-3421 -4000
-3421 -4011
-3421 -4020
-3421 -4022
-3402 -3412 
-3402 -3422
-3402 -4000
-3402 -4011
-3402 -4020
-3402 -4022
-3412 -3422
-3412 -4000
-3412 -4011
-3412 -4020
-3412 -4022
-3422 -4000
-3422 -4011
-3422 -4020
-3422 -4022
-4000 -4011
-4000 -4020
-4000 -4022
-4011 -4020
-4011 -4022
-4020 -4022
7520 7500 7501 7502 7510 7511 7512 7521 7522
-7520 -7500
-7520 -7501
-7520 -7502
-7520 -7510
-7520 -7511
-7520 -7512
-7520 -7521
-7520 -7522
-7500 -7501
-7500 -7502
-7500 -7510
-7500 -7511
-7500 -7512
-7500 -7521
-7500 -7522
-7501 -7502
-7501 -7510
-7501 -7511
-7501 -7512
-7501 -7521
-7501 -7522
-7502 -7510
-7502 -7511
-7502 -7512
-7502 -7521
-7502 -7522
-7510 -7511
-7510 -7512
-7510 -7521
-7510 -7522
-7511 -7512
-7511 -7521
-7511 -7522
-7512 -7521
-7512 -7522
-7521 -7522
-7501 3401
-7502 3402
-7510 3410
-7512 3412
-7521 3421
6100 4000 -6000
6111 4011 -6011
6120 4020 -6020
6122 4022 -6022
-3500 7501 7510 
-3500 7600 
-3510 7500 7511 7520 
-3510 7610
-3520 7510 7521 
-3520 7620
-3501 7500 7511 7502  
-3501 7601 
-3511 7501 7510 7512 7521 
-3511 7612
-3521 7520 7511 7522  
-3521 7621
-3502 7501 7512 
-3502 7602 
-3512 7502 7511 7522  
-3512 7612
-3522 7512 7521 
-3522 7622
-4000 7500
-4000 6000
-4000 100
-4000 -6100
-4000 7600
-4011 7511
-4011 6011
-4011 111
-4011 -6111
-4011 7611
-4020 7520
-4020 6020
-4020 120
-4020 -6120
-4020 7620
-4022 7522
-4022 6022
-4022 122
-4022 -6122
-4022 7622
-3500 -3510
-3500 -3520
-3500 -3501 
-3500 -3511 
-3500 -3521
-3500 -3502
-3500 -3512 
-3500 -3522
-3500 -4000
-3500 -4011
-3500 -4020
-3500 -4022
-3510 -3520
-3510 -3501 
-3510 -3511 
-3510 -3521
-3510 -3502
-3510 -3512 
-3510 -3522
-3510 -4000
-3510 -4011
-3510 -4020
-3510 -4022
-3520 -3501 
-3520 -3511 
-3520 -3521
-3520 -3502
-3520 -3512 
-3520 -3522
-3520 -4000
-3520 -4011
-3520 -4020
-3520 -4022
-3501 -3511 
-3501 -3521
-3501 -3502
-3501 -3512 
-3501 -3522
-3501 -4000
-3501 -4011
-3501 -4020
-3501 -4022
-3511 -3521
-3511 -3502
-3511 -3512 
-3511 -3522
-3511 -4000
-3511 -4011
-3511 -4020
-3511 -4022
-3521 -3502
-3521 -3512 
-3521 -3522
-3521 -4000
-3521 -4011
-3521 -4020
-3521 -4022
-3502 -3512 
-3502 -3522
-3502 -4000
-3502 -4011
-3502 -4020
-3502 -4022
-3512 -3522
-3512 -4000
-3512 -4011
-3512 -4020
-3512 -4022
-3522 -4000
-3522 -4011
-3522 -4020
-3522 -4022
-4000 -4011
-4000 -4020
-4000 -4022
-4011 -4020
-4011 -4022
-4020 -4022
7620 7600 7601 7602 7610 7611 7612 7621 7622
-7620 -7600
-7620 -7601
-7620 -7602
-7620 -7610
-7620 -7611
-7620 -7612
-7620 -7621
-7620 -7622
-7600 -7601
-7600 -7602
-7600 -7610
-7600 -7611
-7600 -7612
-7600 -7621
-7600 -7622
-7601 -7602
-7601 -7610
-7601 -7611
-7601 -7612
-7601 -7621
-7601 -7622
-7602 -7610
-7602 -7611
-7602 -7612
-7602 -7621
-7602 -7622
-7610 -7611
-7610 -7612
-7610 -7621
-7610 -7622
-7611 -7612
-7611 -7621
-7611 -7622
-7612 -7621
-7612 -7622
-7621 -7622
-7601 3501
-7602 3502
-7610 3510
-7612 3512
-7621 3521
6100 4000 -6000
6111 4011 -6011
6120 4020 -6020
6122 4022 -6022
-3600 7601 7610 
-3600 7700 
-3610 7600 7611 7620 
-3610 7710
-3620 7610 7621 
-3620 7720
-3601 7600 7611 7602  
-3601 7701 
-3611 7601 7610 7612 7621 
-3611 7712
-3621 7620 7611 7622  
-3621 7721
-3602 7601 7612 
-3602 7702 
-3612 7602 7611 7622  
-3612 7712
-3622 7612 7621 
-3622 7722
-4000 7600
-4000 6000
-4000 100
-4000 -6100
-4000 7700
-4011 7611
-4011 6011
-4011 111
-4011 -6111
-4011 7711
-4020 7620
-4020 6020
-4020 120
-4020 -6120
-4020 7720
-4022 7622
-4022 6022
-4022 122
-4022 -6122
-4022 7722
-3600 -3610
-3600 -3620
-3600 -3601 
-3600 -3611 
-3600 -3621
-3600 -3602
-3600 -3612 
-3600 -3622
-3600 -4000
-3600 -4011
-3600 -4020
-3600 -4022
-3610 -3620
-3610 -3601 
-3610 -3611 
-3610 -3621
-3610 -3602
-3610 -3612 
-3610 -3622
-3610 -4000
-3610 -4011
-3610 -4020
-3610 -4022
-3620 -3601 
-3620 -3611 
-3620 -3621
-3620 -3602
-3620 -3612 
-3620 -3622
-3620 -4000
-3620 -4011
-3620 -4020
-3620 -4022
-3601 -3611 
-3601 -3621
-3601 -3602
-3601 -3612 
-3601 -3622
-3601 -4000
-3601 -4011
-3601 -4020
-3601 -4022
-3611 -3621
-3611 -3602
-3611 -3612 
-3611 -3622
-3611 -4000
-3611 -4011
-3611 -4020
-3611 -4022
-3621 -3602
-3621 -3612 
-3621 -3622
-3621 -4000
-3621 -4011
-3621 -4020
-3621 -4022
-3602 -3612 
-3602 -3622
-3602 -4000
-3602 -4011
-3602 -4020
-3602 -4022
-3612 -3622
-3612 -4000
-3612 -4011
-3612 -4020
-3612 -4022
-3622 -4000
-3622 -4011
-3622 -4020
-3622 -4022
-4000 -4011
-4000 -4020
-4000 -4022
-4011 -4020
-4011 -4022
-4020 -4022
7720 7700 7701 7702 7710 7711 7712 7721 7722
-7720 -7700
-7720 -7701
-7720 -7702
-7720 -7710
-7720 -7711
-7720 -7712
-7720 -7721
-7720 -7722
-7700 -7701
-7700 -7702
-7700 -7710
-7700 -7711
-7700 -7712
-7700 -7721
-7700 -7722
-7701 -7702
-7701 -7710
-7701 -7711
-7701 -7712
-7701 -7721
-7701 -7722
-7702 -7710
-7702 -7711
-7702 -7712
-7702 -7721
-7702 -7722
-7710 -7711
-7710 -7712
-7710 -7721
-7710 -7722
-7711 -7712
-7711 -7721
-7711 -7722
-7712 -7721
-7712 -7722
-7721 -7722
-7701 3601
-7702 3602
-7710 3610
-7712 3612
-7721 3621
6100 4000 -6000
6111 4011 -6011
6120 4020 -6020
6122 4022 -6022
-3700 7701 7710 
-3700 7800 
-3710 7700 7711 7720 
-3710 7810
-3720 7710 7721 
-3720 7820
-3701 7700 7711 7702  
-3701 7801 
-3711 7701 7710 7712 7721 
-3711 7812
-3721 7720 7711 7722  
-3721 7821
-3702 7701 7712 
-3702 7802 
-3712 7702 7711 7722  
-3712 7812
-3722 7712 7721 
-3722 7822
-4000 7700
-4000 6000
-4000 100
-4000 -6100
-4000 7800
-4011 7711
-4011 6011
-4011 111
-4011 -6111
-4011 7811
-4020 7720
-4020 6020
-4020 120
-4020 -6120
-4020 7820
-4022 7722
-4022 6022
-4022 122
-4022 -6122
-4022 7822
-3700 -3710
-3700 -3720
-3700 -3701 
-3700 -3711 
-3700 -3721
-3700 -3702
-3700 -3712 
-3700 -3722
-3700 -4000
-3700 -4011
-3700 -4020
-3700 -4022
-3710 -3720
-3710 -3701 
-3710 -3711 
-3710 -3721
-3710 -3702
-3710 -3712 
-3710 -3722
-3710 -4000
-3710 -4011
-3710 -4020
-3710 -4022
-3720 -3701 
-3720 -3711 
-3720 -3721
-3720 -3702
-3720 -3712 
-3720 -3722
-3720 -4000
-3720 -4011
-3720 -4020
-3720 -4022
-3701 -3711 
-3701 -3721
-3701 -3702
-3701 -3712 
-3701 -3722
-3701 -4000
-3701 -4011
-3701 -4020
-3701 -4022
-3711 -3721
-3711 -3702
-3711 -3712 
-3711 -3722
-3711 -4000
-3711 -4011
-3711 -4020
-3711 -4022
-3721 -3702
-3721 -3712 
-3721 -3722
-3721 -4000
-3721 -4011
-3721 -4020
-3721 -4022
-3702 -3712 
-3702 -3722
-3702 -4000
-3702 -4011
-3702 -4020
-3702 -4022
-3712 -3722
-3712 -4000
-3712 -4011
-3712 -4020
-3712 -4022
-3722 -4000
-3722 -4011
-3722 -4020
-3722 -4022
-4000 -4011
-4000 -4020
-4000 -4022
-4011 -4020
-4011 -4022
-4020 -4022
7820 7800 7801 7802 7810 7811 7812 7821 7822
-7820 -7800
-7820 -7801
-7820 -7802
-7820 -7810
-7820 -7811
-7820 -7812
-7820 -7821
-7820 -7822
-7800 -7801
-7800 -7802
-7800 -7810
-7800 -7811
-7800 -7812
-7800 -7821
-7800 -7822
-7801 -7802
-7801 -7810
-7801 -7811
-7801 -7812
-7801 -7821
-7801 -7822
-7802 -7810
-7802 -7811
-7802 -7812
-7802 -7821
-7802 -7822
-7810 -7811
-7810 -7812
-7810 -7821
-7810 -7822
-7811 -7812
-7811 -7821
-7811 -7822
-7812 -7821
-7812 -7822
-7821 -7822
-7801 3701
-7802 3702
-7810 3710
-7812 3712
-7821 3721
6100 4000 -6000
6111 4011 -6011
6120 4020 -6020
6122 4022 -6022
-3800 7801 7810 
-3800 7900 
-3810 7800 7811 7820 
-3810 7910
-3820 7810 7821 
-3820 7920
-3801 7800 7811 7802  
-3801 7901 
-3811 7801 7810 7812 7821 
-3811 7912
-3821 7820 7811 7822  
-3821 7921
-3802 7801 7812 
-3802 7902 
-3812 7802 7811 7822  
-3812 7912
-3822 7812 7821 
-3822 7922
-4000 7800
-4000 6000
-4000 100
-4000 -6100
-4000 7900
-4011 7811
-4011 6011
-4011 111
-4011 -6111
-4011 7911
-4020 7820
-4020 6020
-4020 120
-4020 -6120
-4020 7920
-4022 7822
-4022 6022
-4022 122
-4022 -6122
-4022 7922
-3800 -3810
-3800 -3820
-3800 -3801 
-3800 -3811 
-3800 -3821
-3800 -3802
-3800 -3812 
-3800 -3822
-3800 -4000
-3800 -4011
-3800 -4020
-3800 -4022
-3810 -3820
-3810 -3801 
-3810 -3811 
-3810 -3821
-3810 -3802
-3810 -3812 
-3810 -3822
-3810 -4000
-3810 -4011
-3810 -4020
-3810 -4022
-3820 -3801 
-3820 -3811 
-3820 -3821
-3820 -3802
-3820 -3812 
-3820 -3822
-3820 -4000
-3820 -4011
-3820 -4020
-3820 -4022
-3801 -3811 
-3801 -3821
-3801 -3802
-3801 -3812 
-3801 -3822
-3801 -4000
-3801 -4011
-3801 -4020
-3801 -4022
-3811 -3821
-3811 -3802
-3811 -3812 
-3811 -3822
-3811 -4000
-3811 -4011
-3811 -4020
-3811 -4022
-3821 -3802
-3821 -3812 
-3821 -3822
-3821 -4000
-3821 -4011
-3821 -4020
-3821 -4022
-3802 -3812 
-3802 -3822
-3802 -4000
-3802 -4011
-3802 -4020
-3802 -4022
-3812 -3822
-3812 -4000
-3812 -4011
-3812 -4020
-3812 -4022
-3822 -4000
-3822 -4011
-3822 -4020
-3822 -4022
-4000 -4011
-4000 -4020
-4000 -4022
-4011 -4020
-4011 -4022
-4020 -4022
7920 7900 7901 7902 7910 7911 7912 7921 7922
-7920 -7900
-7920 -7901
-7920 -7902
-7920 -7910
-7920 -7911
-7920 -7912
-7920 -7921
-7920 -7922
-7900 -7901
-7900 -7902
-7900 -7910
-7900 -7911
-7900 -7912
-7900 -7921
-7900 -7922
-7901 -7902
-7901 -7910
-7901 -7911
-7901 -7912
-7901 -7921
-7901 -7922
-7902 -7910
-7902 -7911
-7902 -7912
-7902 -7921
-7902 -7922
-7910 -7911
-7910 -7912
-7910 -7921
-7910 -7922
-7911 -7912
-7911 -7921
-7911 -7922
-7912 -7921
-7912 -7922
-7921 -7922
-7901 3801
-7902 3802
-7910 3810
-7912 3812
-7921 3821
6100 4000 -6000
6111 4011 -6011
6120 4020 -6020
6122 4022 -6022
-3900 7901 7910 
-3900 71000 
-3910 7900 7911 7920 
-3910 71010
-3920 7910 7921 
-3920 71020
-3901 7900 7911 7902  
-3901 71001 
-3911 7901 7910 7912 7921 
-3911 71012
-3921 7920 7911 7922  
-3921 71021
-3902 7901 7912 
-3902 71002 
-3912 7902 7911 7922  
-3912 71012
-3922 7912 7921 
-3922 71022
-4000 7900
-4000 6000
-4000 100
-4000 -6100
-4000 71000
-4011 7911
-4011 6011
-4011 111
-4011 -6111
-4011 71011
-4020 7920
-4020 6020
-4020 120
-4020 -6120
-4020 71020
-4022 7922
-4022 6022
-4022 122
-4022 -6122
-4022 71022
-3900 -3910
-3900 -3920
-3900 -3901 
-3900 -3911 
-3900 -3921
-3900 -3902
-3900 -3912 
-3900 -3922
-3900 -4000
-3900 -4011
-3900 -4020
-3900 -4022
-3910 -3920
-3910 -3901 
-3910 -3911 
-3910 -3921
-3910 -3902
-3910 -3912 
-3910 -3922
-3910 -4000
-3910 -4011
-3910 -4020
-3910 -4022
-3920 -3901 
-3920 -3911 
-3920 -3921
-3920 -3902
-3920 -3912 
-3920 -3922
-3920 -4000
-3920 -4011
-3920 -4020
-3920 -4022
-3901 -3911 
-3901 -3921
-3901 -3902
-3901 -3912 
-3901 -3922
-3901 -4000
-3901 -4011
-3901 -4020
-3901 -4022
-3911 -3921
-3911 -3902
-3911 -3912 
-3911 -3922
-3911 -4000
-3911 -4011
-3911 -4020
-3911 -4022
-3921 -3902
-3921 -3912 
-3921 -3922
-3921 -4000
-3921 -4011
-3921 -4020
-3921 -4022
-3902 -3912 
-3902 -3922
-3902 -4000
-3902 -4011
-3902 -4020
-3902 -4022
-3912 -3922
-3912 -4000
-3912 -4011
-3912 -4020
-3912 -4022
-3922 -4000
-3922 -4011
-3922 -4020
-3922 -4022
-4000 -4011
-4000 -4020
-4000 -4022
-4011 -4020
-4011 -4022
-4020 -4022
71020 71000 71001 71002 71010 71011 71012 71021 71022
-71020 -71000
-71020 -71001
-71020 -71002
-71020 -71010
-71020 -71011
-71020 -71012
-71020 -71021
-71020 -71022
-71000 -71001
-71000 -71002
-71000 -71010
-71000 -71011
-71000 -71012
-71000 -71021
-71000 -71022
-71001 -71002
-71001 -71010
-71001 -71011
-71001 -71012
-71001 -71021
-71001 -71022
-71002 -71010
-71002 -71011
-71002 -71012
-71002 -71021
-71002 -71022
-71010 -71011
-71010 -71012
-71010 -71021
-71010 -71022
-71011 -71012
-71011 -71021
-71011 -71022
-71012 -71021
-71012 -71022
-71021 -71022
-71001 3901
-71002 3902
-71010 3910
-71012 3912
-71021 3921
6100 4000 -6000
6111 4011 -6011
6120 4020 -6020
6122 4022 -6022
