7002
-7000
-7001
-7010
-7011
-7012
-7020
-7021
-7022
6000
6011
6020
6022
-6001
-6002
-6010
-6012
-6021
-100
111
120
-122
-2000
-2011
-2020
-2022
-3000 7001 7010 
-3000 7100 
-3010 7000 7011 7020 
-3010 7110
-3020 7010 7021 
-3020 7120
-3001 7000 7011 7002  
-3001 7101 
-3011 7001 7010 7012 7021 
-3011 7112
-3021 7020 7011 7022  
-3021 7121
-3002 7001 7012 
-3002 7102 
-3012 7002 7011 7022  
-3012 7112
-3022 7012 7021 
-3022 7122
-5000 7000
-5000 6000
-5000 -100
-5000 -2000
-5000 2100
-5000 7100
-5011 7011
-5011 6011
-5011 -111
-5011 -2011
-5011 2111
-5011 7111
-5020 7020
-5020 6020
-5020 -120
-5020 -2020
-5020 2120
-5020 7120
-5022 7022
-5022 6022
-5022 -122
-5022 -2022
-5022 2122
-5022 7122
-3000 -3010
-3000 -3020
-3000 -3001 
-3000 -3011 
-3000 -3021
-3000 -3002
-3000 -3012 
-3000 -3022
-3000 -5000
-3000 -5011
-3000 -5020
-3000 -5022
-3010 -3020
-3010 -3001 
-3010 -3011 
-3010 -3021
-3010 -3002
-3010 -3012 
-3010 -3022
-3010 -5000
-3010 -5011
-3010 -5020
-3010 -5022
-3020 -3001 
-3020 -3011 
-3020 -3021
-3020 -3002
-3020 -3012 
-3020 -3022
-3020 -5000
-3020 -5011
-3020 -5020
-3020 -5022
-3001 -3011 
-3001 -3021
-3001 -3002
-3001 -3012 
-3001 -3022
-3001 -5000
-3001 -5011
-3001 -5020
-3001 -5022
-3011 -3021
-3011 -3002
-3011 -3012 
-3011 -3022
-3011 -5000
-3011 -5011
-3011 -5020
-3011 -5022
-3021 -3002
-3021 -3012 
-3021 -3022
-3021 -5000
-3021 -5011
-3021 -5020
-3021 -5022
-3002 -3012 
-3002 -3022
-3002 -5000
-3002 -5011
-3002 -5020
-3002 -5022
-3012 -3022
-3012 -5000
-3012 -5011
-3012 -5020
-3012 -5022
-3022 -5000
-3022 -5011
-3022 -5020
-3022 -5022
-5000 -5011
-5000 -5020
-5000 -5022
-5011 -5020
-5011 -5022
-5020 -5022
7120 7100 7101 7102 7110 7111 7112 7121 7122
-7120 -7100
-7120 -7101
-7120 -7102
-7120 -7110
-7120 -7111
-7120 -7112
-7120 -7121
-7120 -7122
-7100 -7101
-7100 -7102
-7100 -7110
-7100 -7111
-7100 -7112
-7100 -7121
-7100 -7122
-7101 -7102
-7101 -7110
-7101 -7111
-7101 -7112
-7101 -7121
-7101 -7122
-7102 -7110
-7102 -7111
-7102 -7112
-7102 -7121
-7102 -7122
-7110 -7111
-7110 -7112
-7110 -7121
-7110 -7122
-7111 -7112
-7111 -7121
-7111 -7122
-7112 -7121
-7112 -7122
-7121 -7122
-7101 3001
-7102 3002
-7110 3010
-7112 3012
-7121 3021
-2100 5000 2000
-2111 5011 2011
-2120 5020 2020
-2122 5022 2022
-3100 7101 7110 
-3100 7200 
-3110 7100 7111 7120 
-3110 7210
-3120 7110 7121 
-3120 7220
-3101 7100 7111 7102  
-3101 7201 
-3111 7101 7110 7112 7121 
-3111 7212
-3121 7120 7111 7122  
-3121 7221
-3102 7101 7112 
-3102 7202 
-3112 7102 7111 7122  
-3112 7212
-3122 7112 7121 
-3122 7222
-5100 7100
-5100 6100
-5100 -100
-5100 -2000
-5100 2200
-5100 7200
-5111 7111
-5111 6111
-5111 -111
-5111 -2011
-5111 2211
-5111 7211
-5120 7120
-5120 6120
-5120 -120
-5120 -2020
-5120 2220
-5120 7220
-5122 7122
-5122 6122
-5122 -122
-5122 -2022
-5122 2222
-5122 7222
-3100 -3110
-3100 -3120
-3100 -3101 
-3100 -3111 
-3100 -3121
-3100 -3102
-3100 -3112 
-3100 -3122
-3100 -5100
-3100 -5111
-3100 -5120
-3100 -5122
-3110 -3120
-3110 -3101 
-3110 -3111 
-3110 -3121
-3110 -3102
-3110 -3112 
-3110 -3122
-3110 -5100
-3110 -5111
-3110 -5120
-3110 -5122
-3120 -3101 
-3120 -3111 
-3120 -3121
-3120 -3102
-3120 -3112 
-3120 -3122
-3120 -5100
-3120 -5111
-3120 -5120
-3120 -5122
-3101 -3111 
-3101 -3121
-3101 -3102
-3101 -3112 
-3101 -3122
-3101 -5100
-3101 -5111
-3101 -5120
-3101 -5122
-3111 -3121
-3111 -3102
-3111 -3112 
-3111 -3122
-3111 -5100
-3111 -5111
-3111 -5120
-3111 -5122
-3121 -3102
-3121 -3112 
-3121 -3122
-3121 -5100
-3121 -5111
-3121 -5120
-3121 -5122
-3102 -3112 
-3102 -3122
-3102 -5100
-3102 -5111
-3102 -5120
-3102 -5122
-3112 -3122
-3112 -5100
-3112 -5111
-3112 -5120
-3112 -5122
-3122 -5100
-3122 -5111
-3122 -5120
-3122 -5122
-5100 -5111
-5100 -5120
-5100 -5122
-5111 -5120
-5111 -5122
-5120 -5122
7220 7200 7201 7202 7210 7211 7212 7221 7222
-7220 -7200
-7220 -7201
-7220 -7202
-7220 -7210
-7220 -7211
-7220 -7212
-7220 -7221
-7220 -7222
-7200 -7201
-7200 -7202
-7200 -7210
-7200 -7211
-7200 -7212
-7200 -7221
-7200 -7222
-7201 -7202
-7201 -7210
-7201 -7211
-7201 -7212
-7201 -7221
-7201 -7222
-7202 -7210
-7202 -7211
-7202 -7212
-7202 -7221
-7202 -7222
-7210 -7211
-7210 -7212
-7210 -7221
-7210 -7222
-7211 -7212
-7211 -7221
-7211 -7222
-7212 -7221
-7212 -7222
-7221 -7222
-7201 3101
-7202 3102
-7210 3110
-7212 3112
-7221 3121
-2200 5100 2000
-2211 5111 2011
-2220 5120 2020
-2222 5122 2022
-3200 7201 7210 
-3200 7300 
-3210 7200 7211 7220 
-3210 7310
-3220 7210 7221 
-3220 7320
-3201 7200 7211 7202  
-3201 7301 
-3211 7201 7210 7212 7221 
-3211 7312
-3221 7220 7211 7222  
-3221 7321
-3202 7201 7212 
-3202 7302 
-3212 7202 7211 7222  
-3212 7312
-3222 7212 7221 
-3222 7322
-5200 7200
-5200 6200
-5200 -100
-5200 -2000
-5200 2300
-5200 7300
-5211 7211
-5211 6211
-5211 -111
-5211 -2011
-5211 2311
-5211 7311
-5220 7220
-5220 6220
-5220 -120
-5220 -2020
-5220 2320
-5220 7320
-5222 7222
-5222 6222
-5222 -122
-5222 -2022
-5222 2322
-5222 7322
-3200 -3210
-3200 -3220
-3200 -3201 
-3200 -3211 
-3200 -3221
-3200 -3202
-3200 -3212 
-3200 -3222
-3200 -5200
-3200 -5211
-3200 -5220
-3200 -5222
-3210 -3220
-3210 -3201 
-3210 -3211 
-3210 -3221
-3210 -3202
-3210 -3212 
-3210 -3222
-3210 -5200
-3210 -5211
-3210 -5220
-3210 -5222
-3220 -3201 
-3220 -3211 
-3220 -3221
-3220 -3202
-3220 -3212 
-3220 -3222
-3220 -5200
-3220 -5211
-3220 -5220
-3220 -5222
-3201 -3211 
-3201 -3221
-3201 -3202
-3201 -3212 
-3201 -3222
-3201 -5200
-3201 -5211
-3201 -5220
-3201 -5222
-3211 -3221
-3211 -3202
-3211 -3212 
-3211 -3222
-3211 -5200
-3211 -5211
-3211 -5220
-3211 -5222
-3221 -3202
-3221 -3212 
-3221 -3222
-3221 -5200
-3221 -5211
-3221 -5220
-3221 -5222
-3202 -3212 
-3202 -3222
-3202 -5200
-3202 -5211
-3202 -5220
-3202 -5222
-3212 -3222
-3212 -5200
-3212 -5211
-3212 -5220
-3212 -5222
-3222 -5200
-3222 -5211
-3222 -5220
-3222 -5222
-5200 -5211
-5200 -5220
-5200 -5222
-5211 -5220
-5211 -5222
-5220 -5222
7320 7300 7301 7302 7310 7311 7312 7321 7322
-7320 -7300
-7320 -7301
-7320 -7302
-7320 -7310
-7320 -7311
-7320 -7312
-7320 -7321
-7320 -7322
-7300 -7301
-7300 -7302
-7300 -7310
-7300 -7311
-7300 -7312
-7300 -7321
-7300 -7322
-7301 -7302
-7301 -7310
-7301 -7311
-7301 -7312
-7301 -7321
-7301 -7322
-7302 -7310
-7302 -7311
-7302 -7312
-7302 -7321
-7302 -7322
-7310 -7311
-7310 -7312
-7310 -7321
-7310 -7322
-7311 -7312
-7311 -7321
-7311 -7322
-7312 -7321
-7312 -7322
-7321 -7322
-7301 3201
-7302 3202
-7310 3210
-7312 3212
-7321 3221
-2300 5200 2000
-2311 5211 2011
-2320 5220 2020
-2322 5222 2022
-3300 7301 7310 
-3300 7400 
-3310 7300 7311 7320 
-3310 7410
-3320 7310 7321 
-3320 7420
-3301 7300 7311 7302  
-3301 7401 
-3311 7301 7310 7312 7321 
-3311 7412
-3321 7320 7311 7322  
-3321 7421
-3302 7301 7312 
-3302 7402 
-3312 7302 7311 7322  
-3312 7412
-3322 7312 7321 
-3322 7422
-5300 7300
-5300 6300
-5300 -100
-5300 -2000
-5300 2400
-5300 7400
-5311 7311
-5311 6311
-5311 -111
-5311 -2011
-5311 2411
-5311 7411
-5320 7320
-5320 6320
-5320 -120
-5320 -2020
-5320 2420
-5320 7420
-5322 7322
-5322 6322
-5322 -122
-5322 -2022
-5322 2422
-5322 7422
-3300 -3310
-3300 -3320
-3300 -3301 
-3300 -3311 
-3300 -3321
-3300 -3302
-3300 -3312 
-3300 -3322
-3300 -5300
-3300 -5311
-3300 -5320
-3300 -5322
-3310 -3320
-3310 -3301 
-3310 -3311 
-3310 -3321
-3310 -3302
-3310 -3312 
-3310 -3322
-3310 -5300
-3310 -5311
-3310 -5320
-3310 -5322
-3320 -3301 
-3320 -3311 
-3320 -3321
-3320 -3302
-3320 -3312 
-3320 -3322
-3320 -5300
-3320 -5311
-3320 -5320
-3320 -5322
-3301 -3311 
-3301 -3321
-3301 -3302
-3301 -3312 
-3301 -3322
-3301 -5300
-3301 -5311
-3301 -5320
-3301 -5322
-3311 -3321
-3311 -3302
-3311 -3312 
-3311 -3322
-3311 -5300
-3311 -5311
-3311 -5320
-3311 -5322
-3321 -3302
-3321 -3312 
-3321 -3322
-3321 -5300
-3321 -5311
-3321 -5320
-3321 -5322
-3302 -3312 
-3302 -3322
-3302 -5300
-3302 -5311
-3302 -5320
-3302 -5322
-3312 -3322
-3312 -5300
-3312 -5311
-3312 -5320
-3312 -5322
-3322 -5300
-3322 -5311
-3322 -5320
-3322 -5322
-5300 -5311
-5300 -5320
-5300 -5322
-5311 -5320
-5311 -5322
-5320 -5322
7420 7400 7401 7402 7410 7411 7412 7421 7422
-7420 -7400
-7420 -7401
-7420 -7402
-7420 -7410
-7420 -7411
-7420 -7412
-7420 -7421
-7420 -7422
-7400 -7401
-7400 -7402
-7400 -7410
-7400 -7411
-7400 -7412
-7400 -7421
-7400 -7422
-7401 -7402
-7401 -7410
-7401 -7411
-7401 -7412
-7401 -7421
-7401 -7422
-7402 -7410
-7402 -7411
-7402 -7412
-7402 -7421
-7402 -7422
-7410 -7411
-7410 -7412
-7410 -7421
-7410 -7422
-7411 -7412
-7411 -7421
-7411 -7422
-7412 -7421
-7412 -7422
-7421 -7422
-7401 3301
-7402 3302
-7410 3310
-7412 3312
-7421 3321
-2400 5300 2000
-2411 5311 2011
-2420 5320 2020
-2422 5322 2022
-3400 7401 7410 
-3400 7500 
-3410 7400 7411 7420 
-3410 7510
-3420 7410 7421 
-3420 7520
-3401 7400 7411 7402  
-3401 7501 
-3411 7401 7410 7412 7421 
-3411 7512
-3421 7420 7411 7422  
-3421 7521
-3402 7401 7412 
-3402 7502 
-3412 7402 7411 7422  
-3412 7512
-3422 7412 7421 
-3422 7522
-5400 7400
-5400 6400
-5400 -100
-5400 -2000
-5400 2500
-5400 7500
-5411 7411
-5411 6411
-5411 -111
-5411 -2011
-5411 2511
-5411 7511
-5420 7420
-5420 6420
-5420 -120
-5420 -2020
-5420 2520
-5420 7520
-5422 7422
-5422 6422
-5422 -122
-5422 -2022
-5422 2522
-5422 7522
-3400 -3410
-3400 -3420
-3400 -3401 
-3400 -3411 
-3400 -3421
-3400 -3402
-3400 -3412 
-3400 -3422
-3400 -5400
-3400 -5411
-3400 -5420
-3400 -5422
-3410 -3420
-3410 -3401 
-3410 -3411 
-3410 -3421
-3410 -3402
-3410 -3412 
-3410 -3422
-3410 -5400
-3410 -5411
-3410 -5420
-3410 -5422
-3420 -3401 
-3420 -3411 
-3420 -3421
-3420 -3402
-3420 -3412 
-3420 -3422
-3420 -5400
-3420 -5411
-3420 -5420
-3420 -5422
-3401 -3411 
-3401 -3421
-3401 -3402
-3401 -3412 
-3401 -3422
-3401 -5400
-3401 -5411
-3401 -5420
-3401 -5422
-3411 -3421
-3411 -3402
-3411 -3412 
-3411 -3422
-3411 -5400
-3411 -5411
-3411 -5420
-3411 -5422
-3421 -3402
-3421 -3412 
-3421 -3422
-3421 -5400
-3421 -5411
-3421 -5420
-3421 -5422
-3402 -3412 
-3402 -3422
-3402 -5400
-3402 -5411
-3402 -5420
-3402 -5422
-3412 -3422
-3412 -5400
-3412 -5411
-3412 -5420
-3412 -5422
-3422 -5400
-3422 -5411
-3422 -5420
-3422 -5422
-5400 -5411
-5400 -5420
-5400 -5422
-5411 -5420
-5411 -5422
-5420 -5422
7520 7500 7501 7502 7510 7511 7512 7521 7522
-7520 -7500
-7520 -7501
-7520 -7502
-7520 -7510
-7520 -7511
-7520 -7512
-7520 -7521
-7520 -7522
-7500 -7501
-7500 -7502
-7500 -7510
-7500 -7511
-7500 -7512
-7500 -7521
-7500 -7522
-7501 -7502
-7501 -7510
-7501 -7511
-7501 -7512
-7501 -7521
-7501 -7522
-7502 -7510
-7502 -7511
-7502 -7512
-7502 -7521
-7502 -7522
-7510 -7511
-7510 -7512
-7510 -7521
-7510 -7522
-7511 -7512
-7511 -7521
-7511 -7522
-7512 -7521
-7512 -7522
-7521 -7522
-7501 3401
-7502 3402
-7510 3410
-7512 3412
-7521 3421
-2500 5400 2000
-2511 5411 2011
-2520 5420 2020
-2522 5422 2022
-3500 7501 7510 
-3500 7600 
-3510 7500 7511 7520 
-3510 7610
-3520 7510 7521 
-3520 7620
-3501 7500 7511 7502  
-3501 7601 
-3511 7501 7510 7512 7521 
-3511 7612
-3521 7520 7511 7522  
-3521 7621
-3502 7501 7512 
-3502 7602 
-3512 7502 7511 7522  
-3512 7612
-3522 7512 7521 
-3522 7622
-5500 7500
-5500 6500
-5500 -100
-5500 -2000
-5500 2600
-5500 7600
-5511 7511
-5511 6511
-5511 -111
-5511 -2011
-5511 2611
-5511 7611
-5520 7520
-5520 6520
-5520 -120
-5520 -2020
-5520 2620
-5520 7620
-5522 7522
-5522 6522
-5522 -122
-5522 -2022
-5522 2622
-5522 7622
-3500 -3510
-3500 -3520
-3500 -3501 
-3500 -3511 
-3500 -3521
-3500 -3502
-3500 -3512 
-3500 -3522
-3500 -5500
-3500 -5511
-3500 -5520
-3500 -5522
-3510 -3520
-3510 -3501 
-3510 -3511 
-3510 -3521
-3510 -3502
-3510 -3512 
-3510 -3522
-3510 -5500
-3510 -5511
-3510 -5520
-3510 -5522
-3520 -3501 
-3520 -3511 
-3520 -3521
-3520 -3502
-3520 -3512 
-3520 -3522
-3520 -5500
-3520 -5511
-3520 -5520
-3520 -5522
-3501 -3511 
-3501 -3521
-3501 -3502
-3501 -3512 
-3501 -3522
-3501 -5500
-3501 -5511
-3501 -5520
-3501 -5522
-3511 -3521
-3511 -3502
-3511 -3512 
-3511 -3522
-3511 -5500
-3511 -5511
-3511 -5520
-3511 -5522
-3521 -3502
-3521 -3512 
-3521 -3522
-3521 -5500
-3521 -5511
-3521 -5520
-3521 -5522
-3502 -3512 
-3502 -3522
-3502 -5500
-3502 -5511
-3502 -5520
-3502 -5522
-3512 -3522
-3512 -5500
-3512 -5511
-3512 -5520
-3512 -5522
-3522 -5500
-3522 -5511
-3522 -5520
-3522 -5522
-5500 -5511
-5500 -5520
-5500 -5522
-5511 -5520
-5511 -5522
-5520 -5522
7620 7600 7601 7602 7610 7611 7612 7621 7622
-7620 -7600
-7620 -7601
-7620 -7602
-7620 -7610
-7620 -7611
-7620 -7612
-7620 -7621
-7620 -7622
-7600 -7601
-7600 -7602
-7600 -7610
-7600 -7611
-7600 -7612
-7600 -7621
-7600 -7622
-7601 -7602
-7601 -7610
-7601 -7611
-7601 -7612
-7601 -7621
-7601 -7622
-7602 -7610
-7602 -7611
-7602 -7612
-7602 -7621
-7602 -7622
-7610 -7611
-7610 -7612
-7610 -7621
-7610 -7622
-7611 -7612
-7611 -7621
-7611 -7622
-7612 -7621
-7612 -7622
-7621 -7622
-7601 3501
-7602 3502
-7610 3510
-7612 3512
-7621 3521
-2600 5500 2000
-2611 5511 2011
-2620 5520 2020
-2622 5522 2022
-3600 7601 7610 
-3600 7700 
-3610 7600 7611 7620 
-3610 7710
-3620 7610 7621 
-3620 7720
-3601 7600 7611 7602  
-3601 7701 
-3611 7601 7610 7612 7621 
-3611 7712
-3621 7620 7611 7622  
-3621 7721
-3602 7601 7612 
-3602 7702 
-3612 7602 7611 7622  
-3612 7712
-3622 7612 7621 
-3622 7722
-5600 7600
-5600 6600
-5600 -100
-5600 -2000
-5600 2700
-5600 7700
-5611 7611
-5611 6611
-5611 -111
-5611 -2011
-5611 2711
-5611 7711
-5620 7620
-5620 6620
-5620 -120
-5620 -2020
-5620 2720
-5620 7720
-5622 7622
-5622 6622
-5622 -122
-5622 -2022
-5622 2722
-5622 7722
-3600 -3610
-3600 -3620
-3600 -3601 
-3600 -3611 
-3600 -3621
-3600 -3602
-3600 -3612 
-3600 -3622
-3600 -5600
-3600 -5611
-3600 -5620
-3600 -5622
-3610 -3620
-3610 -3601 
-3610 -3611 
-3610 -3621
-3610 -3602
-3610 -3612 
-3610 -3622
-3610 -5600
-3610 -5611
-3610 -5620
-3610 -5622
-3620 -3601 
-3620 -3611 
-3620 -3621
-3620 -3602
-3620 -3612 
-3620 -3622
-3620 -5600
-3620 -5611
-3620 -5620
-3620 -5622
-3601 -3611 
-3601 -3621
-3601 -3602
-3601 -3612 
-3601 -3622
-3601 -5600
-3601 -5611
-3601 -5620
-3601 -5622
-3611 -3621
-3611 -3602
-3611 -3612 
-3611 -3622
-3611 -5600
-3611 -5611
-3611 -5620
-3611 -5622
-3621 -3602
-3621 -3612 
-3621 -3622
-3621 -5600
-3621 -5611
-3621 -5620
-3621 -5622
-3602 -3612 
-3602 -3622
-3602 -5600
-3602 -5611
-3602 -5620
-3602 -5622
-3612 -3622
-3612 -5600
-3612 -5611
-3612 -5620
-3612 -5622
-3622 -5600
-3622 -5611
-3622 -5620
-3622 -5622
-5600 -5611
-5600 -5620
-5600 -5622
-5611 -5620
-5611 -5622
-5620 -5622
7720 7700 7701 7702 7710 7711 7712 7721 7722
-7720 -7700
-7720 -7701
-7720 -7702
-7720 -7710
-7720 -7711
-7720 -7712
-7720 -7721
-7720 -7722
-7700 -7701
-7700 -7702
-7700 -7710
-7700 -7711
-7700 -7712
-7700 -7721
-7700 -7722
-7701 -7702
-7701 -7710
-7701 -7711
-7701 -7712
-7701 -7721
-7701 -7722
-7702 -7710
-7702 -7711
-7702 -7712
-7702 -7721
-7702 -7722
-7710 -7711
-7710 -7712
-7710 -7721
-7710 -7722
-7711 -7712
-7711 -7721
-7711 -7722
-7712 -7721
-7712 -7722
-7721 -7722
-7701 3601
-7702 3602
-7710 3610
-7712 3612
-7721 3621
-2700 5600 2000
-2711 5611 2011
-2720 5620 2020
-2722 5622 2022
-3700 7701 7710 
-3700 7800 
-3710 7700 7711 7720 
-3710 7810
-3720 7710 7721 
-3720 7820
-3701 7700 7711 7702  
-3701 7801 
-3711 7701 7710 7712 7721 
-3711 7812
-3721 7720 7711 7722  
-3721 7821
-3702 7701 7712 
-3702 7802 
-3712 7702 7711 7722  
-3712 7812
-3722 7712 7721 
-3722 7822
-5700 7700
-5700 6700
-5700 -100
-5700 -2000
-5700 2800
-5700 7800
-5711 7711
-5711 6711
-5711 -111
-5711 -2011
-5711 2811
-5711 7811
-5720 7720
-5720 6720
-5720 -120
-5720 -2020
-5720 2820
-5720 7820
-5722 7722
-5722 6722
-5722 -122
-5722 -2022
-5722 2822
-5722 7822
-3700 -3710
-3700 -3720
-3700 -3701 
-3700 -3711 
-3700 -3721
-3700 -3702
-3700 -3712 
-3700 -3722
-3700 -5700
-3700 -5711
-3700 -5720
-3700 -5722
-3710 -3720
-3710 -3701 
-3710 -3711 
-3710 -3721
-3710 -3702
-3710 -3712 
-3710 -3722
-3710 -5700
-3710 -5711
-3710 -5720
-3710 -5722
-3720 -3701 
-3720 -3711 
-3720 -3721
-3720 -3702
-3720 -3712 
-3720 -3722
-3720 -5700
-3720 -5711
-3720 -5720
-3720 -5722
-3701 -3711 
-3701 -3721
-3701 -3702
-3701 -3712 
-3701 -3722
-3701 -5700
-3701 -5711
-3701 -5720
-3701 -5722
-3711 -3721
-3711 -3702
-3711 -3712 
-3711 -3722
-3711 -5700
-3711 -5711
-3711 -5720
-3711 -5722
-3721 -3702
-3721 -3712 
-3721 -3722
-3721 -5700
-3721 -5711
-3721 -5720
-3721 -5722
-3702 -3712 
-3702 -3722
-3702 -5700
-3702 -5711
-3702 -5720
-3702 -5722
-3712 -3722
-3712 -5700
-3712 -5711
-3712 -5720
-3712 -5722
-3722 -5700
-3722 -5711
-3722 -5720
-3722 -5722
-5700 -5711
-5700 -5720
-5700 -5722
-5711 -5720
-5711 -5722
-5720 -5722
7820 7800 7801 7802 7810 7811 7812 7821 7822
-7820 -7800
-7820 -7801
-7820 -7802
-7820 -7810
-7820 -7811
-7820 -7812
-7820 -7821
-7820 -7822
-7800 -7801
-7800 -7802
-7800 -7810
-7800 -7811
-7800 -7812
-7800 -7821
-7800 -7822
-7801 -7802
-7801 -7810
-7801 -7811
-7801 -7812
-7801 -7821
-7801 -7822
-7802 -7810
-7802 -7811
-7802 -7812
-7802 -7821
-7802 -7822
-7810 -7811
-7810 -7812
-7810 -7821
-7810 -7822
-7811 -7812
-7811 -7821
-7811 -7822
-7812 -7821
-7812 -7822
-7821 -7822
-7801 3701
-7802 3702
-7810 3710
-7812 3712
-7821 3721
-2800 5700 2000
-2811 5711 2011
-2820 5720 2020
-2822 5722 2022
-3800 7801 7810 
-3800 7900 
-3810 7800 7811 7820 
-3810 7910
-3820 7810 7821 
-3820 7920
-3801 7800 7811 7802  
-3801 7901 
-3811 7801 7810 7812 7821 
-3811 7912
-3821 7820 7811 7822  
-3821 7921
-3802 7801 7812 
-3802 7902 
-3812 7802 7811 7822  
-3812 7912
-3822 7812 7821 
-3822 7922
-5800 7800
-5800 6800
-5800 -100
-5800 -2000
-5800 2900
-5800 7900
-5811 7811
-5811 6811
-5811 -111
-5811 -2011
-5811 2911
-5811 7911
-5820 7820
-5820 6820
-5820 -120
-5820 -2020
-5820 2920
-5820 7920
-5822 7822
-5822 6822
-5822 -122
-5822 -2022
-5822 2922
-5822 7922
-3800 -3810
-3800 -3820
-3800 -3801 
-3800 -3811 
-3800 -3821
-3800 -3802
-3800 -3812 
-3800 -3822
-3800 -5800
-3800 -5811
-3800 -5820
-3800 -5822
-3810 -3820
-3810 -3801 
-3810 -3811 
-3810 -3821
-3810 -3802
-3810 -3812 
-3810 -3822
-3810 -5800
-3810 -5811
-3810 -5820
-3810 -5822
-3820 -3801 
-3820 -3811 
-3820 -3821
-3820 -3802
-3820 -3812 
-3820 -3822
-3820 -5800
-3820 -5811
-3820 -5820
-3820 -5822
-3801 -3811 
-3801 -3821
-3801 -3802
-3801 -3812 
-3801 -3822
-3801 -5800
-3801 -5811
-3801 -5820
-3801 -5822
-3811 -3821
-3811 -3802
-3811 -3812 
-3811 -3822
-3811 -5800
-3811 -5811
-3811 -5820
-3811 -5822
-3821 -3802
-3821 -3812 
-3821 -3822
-3821 -5800
-3821 -5811
-3821 -5820
-3821 -5822
-3802 -3812 
-3802 -3822
-3802 -5800
-3802 -5811
-3802 -5820
-3802 -5822
-3812 -3822
-3812 -5800
-3812 -5811
-3812 -5820
-3812 -5822
-3822 -5800
-3822 -5811
-3822 -5820
-3822 -5822
-5800 -5811
-5800 -5820
-5800 -5822
-5811 -5820
-5811 -5822
-5820 -5822
7920 7900 7901 7902 7910 7911 7912 7921 7922
-7920 -7900
-7920 -7901
-7920 -7902
-7920 -7910
-7920 -7911
-7920 -7912
-7920 -7921
-7920 -7922
-7900 -7901
-7900 -7902
-7900 -7910
-7900 -7911
-7900 -7912
-7900 -7921
-7900 -7922
-7901 -7902
-7901 -7910
-7901 -7911
-7901 -7912
-7901 -7921
-7901 -7922
-7902 -7910
-7902 -7911
-7902 -7912
-7902 -7921
-7902 -7922
-7910 -7911
-7910 -7912
-7910 -7921
-7910 -7922
-7911 -7912
-7911 -7921
-7911 -7922
-7912 -7921
-7912 -7922
-7921 -7922
-7901 3801
-7902 3802
-7910 3810
-7912 3812
-7921 3821
-2900 5800 2000
-2911 5811 2011
-2920 5820 2020
-2922 5822 2022
-3900 7901 7910 
-3900 71000 
-3910 7900 7911 7920 
-3910 71010
-3920 7910 7921 
-3920 71020
-3901 7900 7911 7902  
-3901 71001 
-3911 7901 7910 7912 7921 
-3911 71012
-3921 7920 7911 7922  
-3921 71021
-3902 7901 7912 
-3902 71002 
-3912 7902 7911 7922  
-3912 71012
-3922 7912 7921 
-3922 71022
-5900 7900
-5900 6900
-5900 -100
-5900 -2000
-5900 21000
-5900 71000
-5911 7911
-5911 6911
-5911 -111
-5911 -2011
-5911 21011
-5911 71011
-5920 7920
-5920 6920
-5920 -120
-5920 -2020
-5920 21020
-5920 71020
-5922 7922
-5922 6922
-5922 -122
-5922 -2022
-5922 21022
-5922 71022
-3900 -3910
-3900 -3920
-3900 -3901 
-3900 -3911 
-3900 -3921
-3900 -3902
-3900 -3912 
-3900 -3922
-3900 -5900
-3900 -5911
-3900 -5920
-3900 -5922
-3910 -3920
-3910 -3901 
-3910 -3911 
-3910 -3921
-3910 -3902
-3910 -3912 
-3910 -3922
-3910 -5900
-3910 -5911
-3910 -5920
-3910 -5922
-3920 -3901 
-3920 -3911 
-3920 -3921
-3920 -3902
-3920 -3912 
-3920 -3922
-3920 -5900
-3920 -5911
-3920 -5920
-3920 -5922
-3901 -3911 
-3901 -3921
-3901 -3902
-3901 -3912 
-3901 -3922
-3901 -5900
-3901 -5911
-3901 -5920
-3901 -5922
-3911 -3921
-3911 -3902
-3911 -3912 
-3911 -3922
-3911 -5900
-3911 -5911
-3911 -5920
-3911 -5922
-3921 -3902
-3921 -3912 
-3921 -3922
-3921 -5900
-3921 -5911
-3921 -5920
-3921 -5922
-3902 -3912 
-3902 -3922
-3902 -5900
-3902 -5911
-3902 -5920
-3902 -5922
-3912 -3922
-3912 -5900
-3912 -5911
-3912 -5920
-3912 -5922
-3922 -5900
-3922 -5911
-3922 -5920
-3922 -5922
-5900 -5911
-5900 -5920
-5900 -5922
-5911 -5920
-5911 -5922
-5920 -5922
71020 71000 71001 71002 71010 71011 71012 71021 71022
-71020 -71000
-71020 -71001
-71020 -71002
-71020 -71010
-71020 -71011
-71020 -71012
-71020 -71021
-71020 -71022
-71000 -71001
-71000 -71002
-71000 -71010
-71000 -71011
-71000 -71012
-71000 -71021
-71000 -71022
-71001 -71002
-71001 -71010
-71001 -71011
-71001 -71012
-71001 -71021
-71001 -71022
-71002 -71010
-71002 -71011
-71002 -71012
-71002 -71021
-71002 -71022
-71010 -71011
-71010 -71012
-71010 -71021
-71010 -71022
-71011 -71012
-71011 -71021
-71011 -71022
-71012 -71021
-71012 -71022
-71021 -71022
-71001 3901
-71002 3902
-71010 3910
-71012 3912
-71021 3921
-21000 5900 2000
-21011 5911 2011
-21020 5920 2020
-21022 5922 2022
21000
21022
