12
7002
-7000
-7001
-7010
-7011
-7012
-7020
-7021
-7022
6000
6011
6020
6022
-6001
-6002
-6010
-6012
-6021
-100
-122
111
120
-2000
-2011
-2020
-2022
-2000
-2011
-2020
-2022
-2000
-3000 7001 7010 
-3000 7100 
-3010 7000 7011 7020 
-3010 7110
-3020 7010 7021 
-3020 7120
-3001 7000 7011 7002  
-3001 7101 
-3011 7001 7010 7012 7021 
-3011 7111
-3021 7020 7011 7022  
-3021 7121
-3002 7001 7012 
-3002 7102 
-3012 7002 7011 7022  
-3012 7112
-3022 7012 7021 
-3022 7122
-4000 7000
-4000 6000
-4000 100
-4000 -6100
-4000 7100
-4001 7001
-4001 6001
-4001 101
-4001 -6101
-4001 7101
-4002 7002
-4002 6002
-4002 102
-4002 -6102
-4002 7102
-4010 7010
-4010 6010
-4010 110
-4010 -6110
-4010 7110
-4011 7011
-4011 6011
-4011 111
-4011 -6111
-4011 7111
-4012 7012
-4012 6012
-4012 112
-4012 -6112
-4012 7112
-4020 7020
-4020 6020
-4020 120
-4020 -6120
-4020 7120
-4021 7021
-4021 6021
-4021 121
-4021 -6121
-4021 7121
-4022 7022
-4022 6022
-4022 122
-4022 -6122
-4022 7122
-5000 7000
-5000 6000
-5000 -100
-5000 -2000
-5000 2100
-5000 7100
-5001 7001
-5001 6001
-5001 -101
-5001 -2001
-5001 2101
-5001 7101
-5002 7002
-5002 6002
-5002 -102
-5002 -2002
-5002 2102
-5002 7102
-5010 7010
-5010 6010
-5010 -110
-5010 -2010
-5010 2110
-5010 7110
-5011 7011
-5011 6011
-5011 -111
-5011 -2011
-5011 2111
-5011 7111
-5012 7012
-5012 6012
-5012 -112
-5012 -2012
-5012 2112
-5012 7112
-5020 7020
-5020 6020
-5020 -120
-5020 -2020
-5020 2120
-5020 7120
-5021 7021
-5021 6021
-5021 -121
-5021 -2021
-5021 2121
-5021 7121
-5022 7022
-5022 6022
-5022 -122
-5022 -2022
-5022 2122
-5022 7122
-3000 -3010
-3000 -3020
-3000 -3001 
-3000 -3011 
-3000 -3021
-3000 -3002
-3000 -3012 
-3000 -3022
-3000 -4000
-3000 -4011
-3000 -4020
-3000 -4022
-3000 -5000
-3000 -5011
-3000 -5020
-3000 -5022
-3010 -3020
-3010 -3001 
-3010 -3011 
-3010 -3021
-3010 -3002
-3010 -3012 
-3010 -3022
-3010 -4000
-3010 -4011
-3010 -4020
-3010 -4022
-3010 -5000
-3010 -5011
-3010 -5020
-3010 -5022
-3020 -3001 
-3020 -3011 
-3020 -3021
-3020 -3002
-3020 -3012 
-3020 -3022
-3020 -4000
-3020 -4011
-3020 -4020
-3020 -4022
-3020 -5000
-3020 -5011
-3020 -5020
-3020 -5022
-3001 -3011 
-3001 -3021
-3001 -3002
-3001 -3012 
-3001 -3022
-3001 -4000
-3001 -4011
-3001 -4020
-3001 -4022
-3001 -5000
-3001 -5011
-3001 -5020
-3001 -5022
-3011 -3021
-3011 -3002
-3011 -3012 
-3011 -3022
-3011 -4000
-3011 -4011
-3011 -4020
-3011 -4022
-3011 -5000
-3011 -5011
-3011 -5020
-3011 -5022
-3021 -3002
-3021 -3012 
-3021 -3022
-3021 -4000
-3021 -4011
-3021 -4020
-3021 -4022
-3021 -5000
-3021 -5011
-3021 -5020
-3021 -5022
-3002 -3012 
-3002 -3022
-3002 -4000
-3002 -4011
-3002 -4020
-3002 -4022
-3002 -5000
-3002 -5011
-3002 -5020
-3002 -5022
-3012 -3022
-3012 -4000
-3012 -4011
-3012 -4020
-3012 -4022
-3012 -5000
-3012 -5011
-3012 -5020
-3012 -5022
-3022 -4000
-3022 -4011
-3022 -4020
-3022 -4022
-3022 -5000
-3022 -5011
-3022 -5020
-3022 -5022
-4000 -4011
-4000 -4020
-4000 -4022
-4000 -5000
-4000 -5011
-4000 -5020
-4000 -5022
-4011 -4020
-4011 -4022
-4011 -5000
-4011 -5011
-4011 -5020
-4011 -5022
-4020 -4022
-4020 -5000
-4020 -5011
-4020 -5020
-4020 -5022
-4022 -5000
-4022 -5011
-4022 -5020
-4022 -5022
-5000 -5011
-5000 -5020
-5000 -5022
-5011 -5020
-5011 -5022
-5020 -5022
3000 3010 3020 3001 3011 3021 3002 3012 3022 4000 4011 4020 4022 5000 5011 5020 5022
7120 7100 7101 7102 7110 7111 7112 7121 7122
-7100 -7101
-7100 -7102
-7100 -7110
-7100 -7111
-7100 -7112
-7100 -7120
-7100 -7121
-7100 -7122
-7101 -7102
-7101 -7110
-7101 -7111
-7101 -7112
-7101 -7120
-7101 -7121
-7101 -7122
-7102 -7110
-7102 -7111
-7102 -7112
-7102 -7120
-7102 -7121
-7102 -7122
-7110 -7111
-7110 -7112
-7110 -7120
-7110 -7121
-7110 -7122
-7111 -7112
-7111 -7120
-7111 -7121
-7111 -7122
-7112 -7120
-7112 -7121
-7112 -7122
-7120 -7121
-7120 -7122
-7121 -7122
-7120 3020 5020 4020
-7100 3000 5000 4000
-7101 3001
-7102 3002
-7110 3010
-7111 3011 5011 4011
-7112 3012
-7121 3021
-7122 3022 5022 4022
6100 4000 -6000
6111 4011 -6011
6120 4020 -6020
6122 4022 -6022
-2100 5000 2000
-2111 5011 2011
-2120 5020 2020
-2122 5022 2022
-3100 7101 7110 
-3100 7200 
-3110 7100 7111 7120 
-3110 7210
-3120 7110 7121 
-3120 7220
-3101 7100 7111 7102  
-3101 7201 
-3111 7101 7110 7112 7121 
-3111 7211
-3121 7120 7111 7122  
-3121 7221
-3102 7101 7112 
-3102 7202 
-3112 7102 7111 7122  
-3112 7212
-3122 7112 7121 
-3122 7222
-4100 7100
-4100 6100
-4100 100
-4100 -6200
-4100 7200
-4101 7101
-4101 6101
-4101 101
-4101 -6201
-4101 7201
-4102 7102
-4102 6102
-4102 102
-4102 -6202
-4102 7202
-4110 7110
-4110 6110
-4110 110
-4110 -6210
-4110 7210
-4111 7111
-4111 6111
-4111 111
-4111 -6211
-4111 7211
-4112 7112
-4112 6112
-4112 112
-4112 -6212
-4112 7212
-4120 7120
-4120 6120
-4120 120
-4120 -6220
-4120 7220
-4121 7121
-4121 6121
-4121 121
-4121 -6221
-4121 7221
-4122 7122
-4122 6122
-4122 122
-4122 -6222
-4122 7222
-5100 7100
-5100 6100
-5100 -100
-5100 -2100
-5100 2200
-5100 7200
-5101 7101
-5101 6101
-5101 -101
-5101 -2101
-5101 2201
-5101 7201
-5102 7102
-5102 6102
-5102 -102
-5102 -2102
-5102 2202
-5102 7202
-5110 7110
-5110 6110
-5110 -110
-5110 -2110
-5110 2210
-5110 7210
-5111 7111
-5111 6111
-5111 -111
-5111 -2111
-5111 2211
-5111 7211
-5112 7112
-5112 6112
-5112 -112
-5112 -2112
-5112 2212
-5112 7212
-5120 7120
-5120 6120
-5120 -120
-5120 -2120
-5120 2220
-5120 7220
-5121 7121
-5121 6121
-5121 -121
-5121 -2121
-5121 2221
-5121 7221
-5122 7122
-5122 6122
-5122 -122
-5122 -2122
-5122 2222
-5122 7222
-3100 -3110
-3100 -3120
-3100 -3101 
-3100 -3111 
-3100 -3121
-3100 -3102
-3100 -3112 
-3100 -3122
-3100 -4100
-3100 -4111
-3100 -4120
-3100 -4122
-3100 -5100
-3100 -5111
-3100 -5120
-3100 -5122
-3110 -3120
-3110 -3101 
-3110 -3111 
-3110 -3121
-3110 -3102
-3110 -3112 
-3110 -3122
-3110 -4100
-3110 -4111
-3110 -4120
-3110 -4122
-3110 -5100
-3110 -5111
-3110 -5120
-3110 -5122
-3120 -3101 
-3120 -3111 
-3120 -3121
-3120 -3102
-3120 -3112 
-3120 -3122
-3120 -4100
-3120 -4111
-3120 -4120
-3120 -4122
-3120 -5100
-3120 -5111
-3120 -5120
-3120 -5122
-3101 -3111 
-3101 -3121
-3101 -3102
-3101 -3112 
-3101 -3122
-3101 -4100
-3101 -4111
-3101 -4120
-3101 -4122
-3101 -5100
-3101 -5111
-3101 -5120
-3101 -5122
-3111 -3121
-3111 -3102
-3111 -3112 
-3111 -3122
-3111 -4100
-3111 -4111
-3111 -4120
-3111 -4122
-3111 -5100
-3111 -5111
-3111 -5120
-3111 -5122
-3121 -3102
-3121 -3112 
-3121 -3122
-3121 -4100
-3121 -4111
-3121 -4120
-3121 -4122
-3121 -5100
-3121 -5111
-3121 -5120
-3121 -5122
-3102 -3112 
-3102 -3122
-3102 -4100
-3102 -4111
-3102 -4120
-3102 -4122
-3102 -5100
-3102 -5111
-3102 -5120
-3102 -5122
-3112 -3122
-3112 -4100
-3112 -4111
-3112 -4120
-3112 -4122
-3112 -5100
-3112 -5111
-3112 -5120
-3112 -5122
-3122 -4100
-3122 -4111
-3122 -4120
-3122 -4122
-3122 -5100
-3122 -5111
-3122 -5120
-3122 -5122
-4100 -4111
-4100 -4120
-4100 -4122
-4100 -5100
-4100 -5111
-4100 -5120
-4100 -5122
-4111 -4120
-4111 -4122
-4111 -5100
-4111 -5111
-4111 -5120
-4111 -5122
-4120 -4122
-4120 -5100
-4120 -5111
-4120 -5120
-4120 -5122
-4122 -5100
-4122 -5111
-4122 -5120
-4122 -5122
-5100 -5111
-5100 -5120
-5100 -5122
-5111 -5120
-5111 -5122
-5120 -5122
3100 3110 3120 3101 3111 3121 3102 3112 3122 4100 4111 4120 4122 5100 5111 5120 5122
7220 7200 7201 7202 7210 7211 7212 7221 7222
-7200 -7201
-7200 -7202
-7200 -7210
-7200 -7211
-7200 -7212
-7200 -7220
-7200 -7221
-7200 -7222
-7201 -7202
-7201 -7210
-7201 -7211
-7201 -7212
-7201 -7220
-7201 -7221
-7201 -7222
-7202 -7210
-7202 -7211
-7202 -7212
-7202 -7220
-7202 -7221
-7202 -7222
-7210 -7211
-7210 -7212
-7210 -7220
-7210 -7221
-7210 -7222
-7211 -7212
-7211 -7220
-7211 -7221
-7211 -7222
-7212 -7220
-7212 -7221
-7212 -7222
-7220 -7221
-7220 -7222
-7221 -7222
-7220 3120 5120 4120
-7200 3100 5100 4100
-7201 3101
-7202 3102
-7210 3110
-7211 3111 5111 4111
-7212 3112
-7221 3121
-7222 3122 5122 4122
6200 4100 -6100
6211 4111 -6111
6220 4120 -6120
6222 4122 -6122
-2200 5100 2100
-2211 5111 2111
-2220 5120 2120
-2222 5122 2122
-3200 7201 7210 
-3200 7300 
-3210 7200 7211 7220 
-3210 7310
-3220 7210 7221 
-3220 7320
-3201 7200 7211 7202  
-3201 7301 
-3211 7201 7210 7212 7221 
-3211 7311
-3221 7220 7211 7222  
-3221 7321
-3202 7201 7212 
-3202 7302 
-3212 7202 7211 7222  
-3212 7312
-3222 7212 7221 
-3222 7322
-4200 7200
-4200 6200
-4200 100
-4200 -6300
-4200 7300
-4201 7201
-4201 6201
-4201 101
-4201 -6301
-4201 7301
-4202 7202
-4202 6202
-4202 102
-4202 -6302
-4202 7302
-4210 7210
-4210 6210
-4210 110
-4210 -6310
-4210 7310
-4211 7211
-4211 6211
-4211 111
-4211 -6311
-4211 7311
-4212 7212
-4212 6212
-4212 112
-4212 -6312
-4212 7312
-4220 7220
-4220 6220
-4220 120
-4220 -6320
-4220 7320
-4221 7221
-4221 6221
-4221 121
-4221 -6321
-4221 7321
-4222 7222
-4222 6222
-4222 122
-4222 -6322
-4222 7322
-5200 7200
-5200 6200
-5200 -100
-5200 -2200
-5200 2300
-5200 7300
-5201 7201
-5201 6201
-5201 -101
-5201 -2201
-5201 2301
-5201 7301
-5202 7202
-5202 6202
-5202 -102
-5202 -2202
-5202 2302
-5202 7302
-5210 7210
-5210 6210
-5210 -110
-5210 -2210
-5210 2310
-5210 7310
-5211 7211
-5211 6211
-5211 -111
-5211 -2211
-5211 2311
-5211 7311
-5212 7212
-5212 6212
-5212 -112
-5212 -2212
-5212 2312
-5212 7312
-5220 7220
-5220 6220
-5220 -120
-5220 -2220
-5220 2320
-5220 7320
-5221 7221
-5221 6221
-5221 -121
-5221 -2221
-5221 2321
-5221 7321
-5222 7222
-5222 6222
-5222 -122
-5222 -2222
-5222 2322
-5222 7322
-3200 -3210
-3200 -3220
-3200 -3201 
-3200 -3211 
-3200 -3221
-3200 -3202
-3200 -3212 
-3200 -3222
-3200 -4200
-3200 -4211
-3200 -4220
-3200 -4222
-3200 -5200
-3200 -5211
-3200 -5220
-3200 -5222
-3210 -3220
-3210 -3201 
-3210 -3211 
-3210 -3221
-3210 -3202
-3210 -3212 
-3210 -3222
-3210 -4200
-3210 -4211
-3210 -4220
-3210 -4222
-3210 -5200
-3210 -5211
-3210 -5220
-3210 -5222
-3220 -3201 
-3220 -3211 
-3220 -3221
-3220 -3202
-3220 -3212 
-3220 -3222
-3220 -4200
-3220 -4211
-3220 -4220
-3220 -4222
-3220 -5200
-3220 -5211
-3220 -5220
-3220 -5222
-3201 -3211 
-3201 -3221
-3201 -3202
-3201 -3212 
-3201 -3222
-3201 -4200
-3201 -4211
-3201 -4220
-3201 -4222
-3201 -5200
-3201 -5211
-3201 -5220
-3201 -5222
-3211 -3221
-3211 -3202
-3211 -3212 
-3211 -3222
-3211 -4200
-3211 -4211
-3211 -4220
-3211 -4222
-3211 -5200
-3211 -5211
-3211 -5220
-3211 -5222
-3221 -3202
-3221 -3212 
-3221 -3222
-3221 -4200
-3221 -4211
-3221 -4220
-3221 -4222
-3221 -5200
-3221 -5211
-3221 -5220
-3221 -5222
-3202 -3212 
-3202 -3222
-3202 -4200
-3202 -4211
-3202 -4220
-3202 -4222
-3202 -5200
-3202 -5211
-3202 -5220
-3202 -5222
-3212 -3222
-3212 -4200
-3212 -4211
-3212 -4220
-3212 -4222
-3212 -5200
-3212 -5211
-3212 -5220
-3212 -5222
-3222 -4200
-3222 -4211
-3222 -4220
-3222 -4222
-3222 -5200
-3222 -5211
-3222 -5220
-3222 -5222
-4200 -4211
-4200 -4220
-4200 -4222
-4200 -5200
-4200 -5211
-4200 -5220
-4200 -5222
-4211 -4220
-4211 -4222
-4211 -5200
-4211 -5211
-4211 -5220
-4211 -5222
-4220 -4222
-4220 -5200
-4220 -5211
-4220 -5220
-4220 -5222
-4222 -5200
-4222 -5211
-4222 -5220
-4222 -5222
-5200 -5211
-5200 -5220
-5200 -5222
-5211 -5220
-5211 -5222
-5220 -5222
3200 3210 3220 3201 3211 3221 3202 3212 3222 4200 4211 4220 4222 5200 5211 5220 5222
7320 7300 7301 7302 7310 7311 7312 7321 7322
-7300 -7301
-7300 -7302
-7300 -7310
-7300 -7311
-7300 -7312
-7300 -7320
-7300 -7321
-7300 -7322
-7301 -7302
-7301 -7310
-7301 -7311
-7301 -7312
-7301 -7320
-7301 -7321
-7301 -7322
-7302 -7310
-7302 -7311
-7302 -7312
-7302 -7320
-7302 -7321
-7302 -7322
-7310 -7311
-7310 -7312
-7310 -7320
-7310 -7321
-7310 -7322
-7311 -7312
-7311 -7320
-7311 -7321
-7311 -7322
-7312 -7320
-7312 -7321
-7312 -7322
-7320 -7321
-7320 -7322
-7321 -7322
-7320 3220 5220 4220
-7300 3200 5200 4200
-7301 3201
-7302 3202
-7310 3210
-7311 3211 5211 4211
-7312 3212
-7321 3221
-7322 3222 5222 4222
6300 4200 -6200
6311 4211 -6211
6320 4220 -6220
6322 4222 -6222
-2300 5200 2200
-2311 5211 2211
-2320 5220 2220
-2322 5222 2222
-3300 7301 7310 
-3300 7400 
-3310 7300 7311 7320 
-3310 7410
-3320 7310 7321 
-3320 7420
-3301 7300 7311 7302  
-3301 7401 
-3311 7301 7310 7312 7321 
-3311 7411
-3321 7320 7311 7322  
-3321 7421
-3302 7301 7312 
-3302 7402 
-3312 7302 7311 7322  
-3312 7412
-3322 7312 7321 
-3322 7422
-4300 7300
-4300 6300
-4300 100
-4300 -6400
-4300 7400
-4301 7301
-4301 6301
-4301 101
-4301 -6401
-4301 7401
-4302 7302
-4302 6302
-4302 102
-4302 -6402
-4302 7402
-4310 7310
-4310 6310
-4310 110
-4310 -6410
-4310 7410
-4311 7311
-4311 6311
-4311 111
-4311 -6411
-4311 7411
-4312 7312
-4312 6312
-4312 112
-4312 -6412
-4312 7412
-4320 7320
-4320 6320
-4320 120
-4320 -6420
-4320 7420
-4321 7321
-4321 6321
-4321 121
-4321 -6421
-4321 7421
-4322 7322
-4322 6322
-4322 122
-4322 -6422
-4322 7422
-5300 7300
-5300 6300
-5300 -100
-5300 -2300
-5300 2400
-5300 7400
-5301 7301
-5301 6301
-5301 -101
-5301 -2301
-5301 2401
-5301 7401
-5302 7302
-5302 6302
-5302 -102
-5302 -2302
-5302 2402
-5302 7402
-5310 7310
-5310 6310
-5310 -110
-5310 -2310
-5310 2410
-5310 7410
-5311 7311
-5311 6311
-5311 -111
-5311 -2311
-5311 2411
-5311 7411
-5312 7312
-5312 6312
-5312 -112
-5312 -2312
-5312 2412
-5312 7412
-5320 7320
-5320 6320
-5320 -120
-5320 -2320
-5320 2420
-5320 7420
-5321 7321
-5321 6321
-5321 -121
-5321 -2321
-5321 2421
-5321 7421
-5322 7322
-5322 6322
-5322 -122
-5322 -2322
-5322 2422
-5322 7422
-3300 -3310
-3300 -3320
-3300 -3301 
-3300 -3311 
-3300 -3321
-3300 -3302
-3300 -3312 
-3300 -3322
-3300 -4300
-3300 -4311
-3300 -4320
-3300 -4322
-3300 -5300
-3300 -5311
-3300 -5320
-3300 -5322
-3310 -3320
-3310 -3301 
-3310 -3311 
-3310 -3321
-3310 -3302
-3310 -3312 
-3310 -3322
-3310 -4300
-3310 -4311
-3310 -4320
-3310 -4322
-3310 -5300
-3310 -5311
-3310 -5320
-3310 -5322
-3320 -3301 
-3320 -3311 
-3320 -3321
-3320 -3302
-3320 -3312 
-3320 -3322
-3320 -4300
-3320 -4311
-3320 -4320
-3320 -4322
-3320 -5300
-3320 -5311
-3320 -5320
-3320 -5322
-3301 -3311 
-3301 -3321
-3301 -3302
-3301 -3312 
-3301 -3322
-3301 -4300
-3301 -4311
-3301 -4320
-3301 -4322
-3301 -5300
-3301 -5311
-3301 -5320
-3301 -5322
-3311 -3321
-3311 -3302
-3311 -3312 
-3311 -3322
-3311 -4300
-3311 -4311
-3311 -4320
-3311 -4322
-3311 -5300
-3311 -5311
-3311 -5320
-3311 -5322
-3321 -3302
-3321 -3312 
-3321 -3322
-3321 -4300
-3321 -4311
-3321 -4320
-3321 -4322
-3321 -5300
-3321 -5311
-3321 -5320
-3321 -5322
-3302 -3312 
-3302 -3322
-3302 -4300
-3302 -4311
-3302 -4320
-3302 -4322
-3302 -5300
-3302 -5311
-3302 -5320
-3302 -5322
-3312 -3322
-3312 -4300
-3312 -4311
-3312 -4320
-3312 -4322
-3312 -5300
-3312 -5311
-3312 -5320
-3312 -5322
-3322 -4300
-3322 -4311
-3322 -4320
-3322 -4322
-3322 -5300
-3322 -5311
-3322 -5320
-3322 -5322
-4300 -4311
-4300 -4320
-4300 -4322
-4300 -5300
-4300 -5311
-4300 -5320
-4300 -5322
-4311 -4320
-4311 -4322
-4311 -5300
-4311 -5311
-4311 -5320
-4311 -5322
-4320 -4322
-4320 -5300
-4320 -5311
-4320 -5320
-4320 -5322
-4322 -5300
-4322 -5311
-4322 -5320
-4322 -5322
-5300 -5311
-5300 -5320
-5300 -5322
-5311 -5320
-5311 -5322
-5320 -5322
3300 3310 3320 3301 3311 3321 3302 3312 3322 4300 4311 4320 4322 5300 5311 5320 5322
7420 7400 7401 7402 7410 7411 7412 7421 7422
-7400 -7401
-7400 -7402
-7400 -7410
-7400 -7411
-7400 -7412
-7400 -7420
-7400 -7421
-7400 -7422
-7401 -7402
-7401 -7410
-7401 -7411
-7401 -7412
-7401 -7420
-7401 -7421
-7401 -7422
-7402 -7410
-7402 -7411
-7402 -7412
-7402 -7420
-7402 -7421
-7402 -7422
-7410 -7411
-7410 -7412
-7410 -7420
-7410 -7421
-7410 -7422
-7411 -7412
-7411 -7420
-7411 -7421
-7411 -7422
-7412 -7420
-7412 -7421
-7412 -7422
-7420 -7421
-7420 -7422
-7421 -7422
-7420 3320 5320 4320
-7400 3300 5300 4300
-7401 3301
-7402 3302
-7410 3310
-7411 3311 5311 4311
-7412 3312
-7421 3321
-7422 3322 5322 4322
6400 4300 -6300
6411 4311 -6311
6420 4320 -6320
6422 4322 -6322
-2400 5300 2300
-2411 5311 2311
-2420 5320 2320
-2422 5322 2322
-3400 7401 7410 
-3400 7500 
-3410 7400 7411 7420 
-3410 7510
-3420 7410 7421 
-3420 7520
-3401 7400 7411 7402  
-3401 7501 
-3411 7401 7410 7412 7421 
-3411 7511
-3421 7420 7411 7422  
-3421 7521
-3402 7401 7412 
-3402 7502 
-3412 7402 7411 7422  
-3412 7512
-3422 7412 7421 
-3422 7522
-4400 7400
-4400 6400
-4400 100
-4400 -6500
-4400 7500
-4401 7401
-4401 6401
-4401 101
-4401 -6501
-4401 7501
-4402 7402
-4402 6402
-4402 102
-4402 -6502
-4402 7502
-4410 7410
-4410 6410
-4410 110
-4410 -6510
-4410 7510
-4411 7411
-4411 6411
-4411 111
-4411 -6511
-4411 7511
-4412 7412
-4412 6412
-4412 112
-4412 -6512
-4412 7512
-4420 7420
-4420 6420
-4420 120
-4420 -6520
-4420 7520
-4421 7421
-4421 6421
-4421 121
-4421 -6521
-4421 7521
-4422 7422
-4422 6422
-4422 122
-4422 -6522
-4422 7522
-5400 7400
-5400 6400
-5400 -100
-5400 -2400
-5400 2500
-5400 7500
-5401 7401
-5401 6401
-5401 -101
-5401 -2401
-5401 2501
-5401 7501
-5402 7402
-5402 6402
-5402 -102
-5402 -2402
-5402 2502
-5402 7502
-5410 7410
-5410 6410
-5410 -110
-5410 -2410
-5410 2510
-5410 7510
-5411 7411
-5411 6411
-5411 -111
-5411 -2411
-5411 2511
-5411 7511
-5412 7412
-5412 6412
-5412 -112
-5412 -2412
-5412 2512
-5412 7512
-5420 7420
-5420 6420
-5420 -120
-5420 -2420
-5420 2520
-5420 7520
-5421 7421
-5421 6421
-5421 -121
-5421 -2421
-5421 2521
-5421 7521
-5422 7422
-5422 6422
-5422 -122
-5422 -2422
-5422 2522
-5422 7522
-3400 -3410
-3400 -3420
-3400 -3401 
-3400 -3411 
-3400 -3421
-3400 -3402
-3400 -3412 
-3400 -3422
-3400 -4400
-3400 -4411
-3400 -4420
-3400 -4422
-3400 -5400
-3400 -5411
-3400 -5420
-3400 -5422
-3410 -3420
-3410 -3401 
-3410 -3411 
-3410 -3421
-3410 -3402
-3410 -3412 
-3410 -3422
-3410 -4400
-3410 -4411
-3410 -4420
-3410 -4422
-3410 -5400
-3410 -5411
-3410 -5420
-3410 -5422
-3420 -3401 
-3420 -3411 
-3420 -3421
-3420 -3402
-3420 -3412 
-3420 -3422
-3420 -4400
-3420 -4411
-3420 -4420
-3420 -4422
-3420 -5400
-3420 -5411
-3420 -5420
-3420 -5422
-3401 -3411 
-3401 -3421
-3401 -3402
-3401 -3412 
-3401 -3422
-3401 -4400
-3401 -4411
-3401 -4420
-3401 -4422
-3401 -5400
-3401 -5411
-3401 -5420
-3401 -5422
-3411 -3421
-3411 -3402
-3411 -3412 
-3411 -3422
-3411 -4400
-3411 -4411
-3411 -4420
-3411 -4422
-3411 -5400
-3411 -5411
-3411 -5420
-3411 -5422
-3421 -3402
-3421 -3412 
-3421 -3422
-3421 -4400
-3421 -4411
-3421 -4420
-3421 -4422
-3421 -5400
-3421 -5411
-3421 -5420
-3421 -5422
-3402 -3412 
-3402 -3422
-3402 -4400
-3402 -4411
-3402 -4420
-3402 -4422
-3402 -5400
-3402 -5411
-3402 -5420
-3402 -5422
-3412 -3422
-3412 -4400
-3412 -4411
-3412 -4420
-3412 -4422
-3412 -5400
-3412 -5411
-3412 -5420
-3412 -5422
-3422 -4400
-3422 -4411
-3422 -4420
-3422 -4422
-3422 -5400
-3422 -5411
-3422 -5420
-3422 -5422
-4400 -4411
-4400 -4420
-4400 -4422
-4400 -5400
-4400 -5411
-4400 -5420
-4400 -5422
-4411 -4420
-4411 -4422
-4411 -5400
-4411 -5411
-4411 -5420
-4411 -5422
-4420 -4422
-4420 -5400
-4420 -5411
-4420 -5420
-4420 -5422
-4422 -5400
-4422 -5411
-4422 -5420
-4422 -5422
-5400 -5411
-5400 -5420
-5400 -5422
-5411 -5420
-5411 -5422
-5420 -5422
3400 3410 3420 3401 3411 3421 3402 3412 3422 4400 4411 4420 4422 5400 5411 5420 5422
7520 7500 7501 7502 7510 7511 7512 7521 7522
-7500 -7501
-7500 -7502
-7500 -7510
-7500 -7511
-7500 -7512
-7500 -7520
-7500 -7521
-7500 -7522
-7501 -7502
-7501 -7510
-7501 -7511
-7501 -7512
-7501 -7520
-7501 -7521
-7501 -7522
-7502 -7510
-7502 -7511
-7502 -7512
-7502 -7520
-7502 -7521
-7502 -7522
-7510 -7511
-7510 -7512
-7510 -7520
-7510 -7521
-7510 -7522
-7511 -7512
-7511 -7520
-7511 -7521
-7511 -7522
-7512 -7520
-7512 -7521
-7512 -7522
-7520 -7521
-7520 -7522
-7521 -7522
-7520 3420 5420 4420
-7500 3400 5400 4400
-7501 3401
-7502 3402
-7510 3410
-7511 3411 5411 4411
-7512 3412
-7521 3421
-7522 3422 5422 4422
6500 4400 -6400
6511 4411 -6411
6520 4420 -6420
6522 4422 -6422
-2500 5400 2400
-2511 5411 2411
-2520 5420 2420
-2522 5422 2422
-3500 7501 7510 
-3500 7600 
-3510 7500 7511 7520 
-3510 7610
-3520 7510 7521 
-3520 7620
-3501 7500 7511 7502  
-3501 7601 
-3511 7501 7510 7512 7521 
-3511 7611
-3521 7520 7511 7522  
-3521 7621
-3502 7501 7512 
-3502 7602 
-3512 7502 7511 7522  
-3512 7612
-3522 7512 7521 
-3522 7622
-4500 7500
-4500 6500
-4500 100
-4500 -6600
-4500 7600
-4501 7501
-4501 6501
-4501 101
-4501 -6601
-4501 7601
-4502 7502
-4502 6502
-4502 102
-4502 -6602
-4502 7602
-4510 7510
-4510 6510
-4510 110
-4510 -6610
-4510 7610
-4511 7511
-4511 6511
-4511 111
-4511 -6611
-4511 7611
-4512 7512
-4512 6512
-4512 112
-4512 -6612
-4512 7612
-4520 7520
-4520 6520
-4520 120
-4520 -6620
-4520 7620
-4521 7521
-4521 6521
-4521 121
-4521 -6621
-4521 7621
-4522 7522
-4522 6522
-4522 122
-4522 -6622
-4522 7622
-5500 7500
-5500 6500
-5500 -100
-5500 -2500
-5500 2600
-5500 7600
-5501 7501
-5501 6501
-5501 -101
-5501 -2501
-5501 2601
-5501 7601
-5502 7502
-5502 6502
-5502 -102
-5502 -2502
-5502 2602
-5502 7602
-5510 7510
-5510 6510
-5510 -110
-5510 -2510
-5510 2610
-5510 7610
-5511 7511
-5511 6511
-5511 -111
-5511 -2511
-5511 2611
-5511 7611
-5512 7512
-5512 6512
-5512 -112
-5512 -2512
-5512 2612
-5512 7612
-5520 7520
-5520 6520
-5520 -120
-5520 -2520
-5520 2620
-5520 7620
-5521 7521
-5521 6521
-5521 -121
-5521 -2521
-5521 2621
-5521 7621
-5522 7522
-5522 6522
-5522 -122
-5522 -2522
-5522 2622
-5522 7622
-3500 -3510
-3500 -3520
-3500 -3501 
-3500 -3511 
-3500 -3521
-3500 -3502
-3500 -3512 
-3500 -3522
-3500 -4500
-3500 -4511
-3500 -4520
-3500 -4522
-3500 -5500
-3500 -5511
-3500 -5520
-3500 -5522
-3510 -3520
-3510 -3501 
-3510 -3511 
-3510 -3521
-3510 -3502
-3510 -3512 
-3510 -3522
-3510 -4500
-3510 -4511
-3510 -4520
-3510 -4522
-3510 -5500
-3510 -5511
-3510 -5520
-3510 -5522
-3520 -3501 
-3520 -3511 
-3520 -3521
-3520 -3502
-3520 -3512 
-3520 -3522
-3520 -4500
-3520 -4511
-3520 -4520
-3520 -4522
-3520 -5500
-3520 -5511
-3520 -5520
-3520 -5522
-3501 -3511 
-3501 -3521
-3501 -3502
-3501 -3512 
-3501 -3522
-3501 -4500
-3501 -4511
-3501 -4520
-3501 -4522
-3501 -5500
-3501 -5511
-3501 -5520
-3501 -5522
-3511 -3521
-3511 -3502
-3511 -3512 
-3511 -3522
-3511 -4500
-3511 -4511
-3511 -4520
-3511 -4522
-3511 -5500
-3511 -5511
-3511 -5520
-3511 -5522
-3521 -3502
-3521 -3512 
-3521 -3522
-3521 -4500
-3521 -4511
-3521 -4520
-3521 -4522
-3521 -5500
-3521 -5511
-3521 -5520
-3521 -5522
-3502 -3512 
-3502 -3522
-3502 -4500
-3502 -4511
-3502 -4520
-3502 -4522
-3502 -5500
-3502 -5511
-3502 -5520
-3502 -5522
-3512 -3522
-3512 -4500
-3512 -4511
-3512 -4520
-3512 -4522
-3512 -5500
-3512 -5511
-3512 -5520
-3512 -5522
-3522 -4500
-3522 -4511
-3522 -4520
-3522 -4522
-3522 -5500
-3522 -5511
-3522 -5520
-3522 -5522
-4500 -4511
-4500 -4520
-4500 -4522
-4500 -5500
-4500 -5511
-4500 -5520
-4500 -5522
-4511 -4520
-4511 -4522
-4511 -5500
-4511 -5511
-4511 -5520
-4511 -5522
-4520 -4522
-4520 -5500
-4520 -5511
-4520 -5520
-4520 -5522
-4522 -5500
-4522 -5511
-4522 -5520
-4522 -5522
-5500 -5511
-5500 -5520
-5500 -5522
-5511 -5520
-5511 -5522
-5520 -5522
3500 3510 3520 3501 3511 3521 3502 3512 3522 4500 4511 4520 4522 5500 5511 5520 5522
7620 7600 7601 7602 7610 7611 7612 7621 7622
-7600 -7601
-7600 -7602
-7600 -7610
-7600 -7611
-7600 -7612
-7600 -7620
-7600 -7621
-7600 -7622
-7601 -7602
-7601 -7610
-7601 -7611
-7601 -7612
-7601 -7620
-7601 -7621
-7601 -7622
-7602 -7610
-7602 -7611
-7602 -7612
-7602 -7620
-7602 -7621
-7602 -7622
-7610 -7611
-7610 -7612
-7610 -7620
-7610 -7621
-7610 -7622
-7611 -7612
-7611 -7620
-7611 -7621
-7611 -7622
-7612 -7620
-7612 -7621
-7612 -7622
-7620 -7621
-7620 -7622
-7621 -7622
-7620 3520 5520 4520
-7600 3500 5500 4500
-7601 3501
-7602 3502
-7610 3510
-7611 3511 5511 4511
-7612 3512
-7621 3521
-7622 3522 5522 4522
6600 4500 -6500
6611 4511 -6511
6620 4520 -6520
6622 4522 -6522
-2600 5500 2500
-2611 5511 2511
-2620 5520 2520
-2622 5522 2522
-3600 7601 7610 
-3600 7700 
-3610 7600 7611 7620 
-3610 7710
-3620 7610 7621 
-3620 7720
-3601 7600 7611 7602  
-3601 7701 
-3611 7601 7610 7612 7621 
-3611 7711
-3621 7620 7611 7622  
-3621 7721
-3602 7601 7612 
-3602 7702 
-3612 7602 7611 7622  
-3612 7712
-3622 7612 7621 
-3622 7722
-4600 7600
-4600 6600
-4600 100
-4600 -6700
-4600 7700
-4601 7601
-4601 6601
-4601 101
-4601 -6701
-4601 7701
-4602 7602
-4602 6602
-4602 102
-4602 -6702
-4602 7702
-4610 7610
-4610 6610
-4610 110
-4610 -6710
-4610 7710
-4611 7611
-4611 6611
-4611 111
-4611 -6711
-4611 7711
-4612 7612
-4612 6612
-4612 112
-4612 -6712
-4612 7712
-4620 7620
-4620 6620
-4620 120
-4620 -6720
-4620 7720
-4621 7621
-4621 6621
-4621 121
-4621 -6721
-4621 7721
-4622 7622
-4622 6622
-4622 122
-4622 -6722
-4622 7722
-5600 7600
-5600 6600
-5600 -100
-5600 -2600
-5600 2700
-5600 7700
-5601 7601
-5601 6601
-5601 -101
-5601 -2601
-5601 2701
-5601 7701
-5602 7602
-5602 6602
-5602 -102
-5602 -2602
-5602 2702
-5602 7702
-5610 7610
-5610 6610
-5610 -110
-5610 -2610
-5610 2710
-5610 7710
-5611 7611
-5611 6611
-5611 -111
-5611 -2611
-5611 2711
-5611 7711
-5612 7612
-5612 6612
-5612 -112
-5612 -2612
-5612 2712
-5612 7712
-5620 7620
-5620 6620
-5620 -120
-5620 -2620
-5620 2720
-5620 7720
-5621 7621
-5621 6621
-5621 -121
-5621 -2621
-5621 2721
-5621 7721
-5622 7622
-5622 6622
-5622 -122
-5622 -2622
-5622 2722
-5622 7722
-3600 -3610
-3600 -3620
-3600 -3601 
-3600 -3611 
-3600 -3621
-3600 -3602
-3600 -3612 
-3600 -3622
-3600 -4600
-3600 -4611
-3600 -4620
-3600 -4622
-3600 -5600
-3600 -5611
-3600 -5620
-3600 -5622
-3610 -3620
-3610 -3601 
-3610 -3611 
-3610 -3621
-3610 -3602
-3610 -3612 
-3610 -3622
-3610 -4600
-3610 -4611
-3610 -4620
-3610 -4622
-3610 -5600
-3610 -5611
-3610 -5620
-3610 -5622
-3620 -3601 
-3620 -3611 
-3620 -3621
-3620 -3602
-3620 -3612 
-3620 -3622
-3620 -4600
-3620 -4611
-3620 -4620
-3620 -4622
-3620 -5600
-3620 -5611
-3620 -5620
-3620 -5622
-3601 -3611 
-3601 -3621
-3601 -3602
-3601 -3612 
-3601 -3622
-3601 -4600
-3601 -4611
-3601 -4620
-3601 -4622
-3601 -5600
-3601 -5611
-3601 -5620
-3601 -5622
-3611 -3621
-3611 -3602
-3611 -3612 
-3611 -3622
-3611 -4600
-3611 -4611
-3611 -4620
-3611 -4622
-3611 -5600
-3611 -5611
-3611 -5620
-3611 -5622
-3621 -3602
-3621 -3612 
-3621 -3622
-3621 -4600
-3621 -4611
-3621 -4620
-3621 -4622
-3621 -5600
-3621 -5611
-3621 -5620
-3621 -5622
-3602 -3612 
-3602 -3622
-3602 -4600
-3602 -4611
-3602 -4620
-3602 -4622
-3602 -5600
-3602 -5611
-3602 -5620
-3602 -5622
-3612 -3622
-3612 -4600
-3612 -4611
-3612 -4620
-3612 -4622
-3612 -5600
-3612 -5611
-3612 -5620
-3612 -5622
-3622 -4600
-3622 -4611
-3622 -4620
-3622 -4622
-3622 -5600
-3622 -5611
-3622 -5620
-3622 -5622
-4600 -4611
-4600 -4620
-4600 -4622
-4600 -5600
-4600 -5611
-4600 -5620
-4600 -5622
-4611 -4620
-4611 -4622
-4611 -5600
-4611 -5611
-4611 -5620
-4611 -5622
-4620 -4622
-4620 -5600
-4620 -5611
-4620 -5620
-4620 -5622
-4622 -5600
-4622 -5611
-4622 -5620
-4622 -5622
-5600 -5611
-5600 -5620
-5600 -5622
-5611 -5620
-5611 -5622
-5620 -5622
3600 3610 3620 3601 3611 3621 3602 3612 3622 4600 4611 4620 4622 5600 5611 5620 5622
7720 7700 7701 7702 7710 7711 7712 7721 7722
-7700 -7701
-7700 -7702
-7700 -7710
-7700 -7711
-7700 -7712
-7700 -7720
-7700 -7721
-7700 -7722
-7701 -7702
-7701 -7710
-7701 -7711
-7701 -7712
-7701 -7720
-7701 -7721
-7701 -7722
-7702 -7710
-7702 -7711
-7702 -7712
-7702 -7720
-7702 -7721
-7702 -7722
-7710 -7711
-7710 -7712
-7710 -7720
-7710 -7721
-7710 -7722
-7711 -7712
-7711 -7720
-7711 -7721
-7711 -7722
-7712 -7720
-7712 -7721
-7712 -7722
-7720 -7721
-7720 -7722
-7721 -7722
-7720 3620 5620 4620
-7700 3600 5600 4600
-7701 3601
-7702 3602
-7710 3610
-7711 3611 5611 4611
-7712 3612
-7721 3621
-7722 3622 5622 4622
6700 4600 -6600
6711 4611 -6611
6720 4620 -6620
6722 4622 -6622
-2700 5600 2600
-2711 5611 2611
-2720 5620 2620
-2722 5622 2622
-3700 7701 7710 
-3700 7800 
-3710 7700 7711 7720 
-3710 7810
-3720 7710 7721 
-3720 7820
-3701 7700 7711 7702  
-3701 7801 
-3711 7701 7710 7712 7721 
-3711 7811
-3721 7720 7711 7722  
-3721 7821
-3702 7701 7712 
-3702 7802 
-3712 7702 7711 7722  
-3712 7812
-3722 7712 7721 
-3722 7822
-4700 7700
-4700 6700
-4700 100
-4700 -6800
-4700 7800
-4701 7701
-4701 6701
-4701 101
-4701 -6801
-4701 7801
-4702 7702
-4702 6702
-4702 102
-4702 -6802
-4702 7802
-4710 7710
-4710 6710
-4710 110
-4710 -6810
-4710 7810
-4711 7711
-4711 6711
-4711 111
-4711 -6811
-4711 7811
-4712 7712
-4712 6712
-4712 112
-4712 -6812
-4712 7812
-4720 7720
-4720 6720
-4720 120
-4720 -6820
-4720 7820
-4721 7721
-4721 6721
-4721 121
-4721 -6821
-4721 7821
-4722 7722
-4722 6722
-4722 122
-4722 -6822
-4722 7822
-5700 7700
-5700 6700
-5700 -100
-5700 -2700
-5700 2800
-5700 7800
-5701 7701
-5701 6701
-5701 -101
-5701 -2701
-5701 2801
-5701 7801
-5702 7702
-5702 6702
-5702 -102
-5702 -2702
-5702 2802
-5702 7802
-5710 7710
-5710 6710
-5710 -110
-5710 -2710
-5710 2810
-5710 7810
-5711 7711
-5711 6711
-5711 -111
-5711 -2711
-5711 2811
-5711 7811
-5712 7712
-5712 6712
-5712 -112
-5712 -2712
-5712 2812
-5712 7812
-5720 7720
-5720 6720
-5720 -120
-5720 -2720
-5720 2820
-5720 7820
-5721 7721
-5721 6721
-5721 -121
-5721 -2721
-5721 2821
-5721 7821
-5722 7722
-5722 6722
-5722 -122
-5722 -2722
-5722 2822
-5722 7822
-3700 -3710
-3700 -3720
-3700 -3701 
-3700 -3711 
-3700 -3721
-3700 -3702
-3700 -3712 
-3700 -3722
-3700 -4700
-3700 -4711
-3700 -4720
-3700 -4722
-3700 -5700
-3700 -5711
-3700 -5720
-3700 -5722
-3710 -3720
-3710 -3701 
-3710 -3711 
-3710 -3721
-3710 -3702
-3710 -3712 
-3710 -3722
-3710 -4700
-3710 -4711
-3710 -4720
-3710 -4722
-3710 -5700
-3710 -5711
-3710 -5720
-3710 -5722
-3720 -3701 
-3720 -3711 
-3720 -3721
-3720 -3702
-3720 -3712 
-3720 -3722
-3720 -4700
-3720 -4711
-3720 -4720
-3720 -4722
-3720 -5700
-3720 -5711
-3720 -5720
-3720 -5722
-3701 -3711 
-3701 -3721
-3701 -3702
-3701 -3712 
-3701 -3722
-3701 -4700
-3701 -4711
-3701 -4720
-3701 -4722
-3701 -5700
-3701 -5711
-3701 -5720
-3701 -5722
-3711 -3721
-3711 -3702
-3711 -3712 
-3711 -3722
-3711 -4700
-3711 -4711
-3711 -4720
-3711 -4722
-3711 -5700
-3711 -5711
-3711 -5720
-3711 -5722
-3721 -3702
-3721 -3712 
-3721 -3722
-3721 -4700
-3721 -4711
-3721 -4720
-3721 -4722
-3721 -5700
-3721 -5711
-3721 -5720
-3721 -5722
-3702 -3712 
-3702 -3722
-3702 -4700
-3702 -4711
-3702 -4720
-3702 -4722
-3702 -5700
-3702 -5711
-3702 -5720
-3702 -5722
-3712 -3722
-3712 -4700
-3712 -4711
-3712 -4720
-3712 -4722
-3712 -5700
-3712 -5711
-3712 -5720
-3712 -5722
-3722 -4700
-3722 -4711
-3722 -4720
-3722 -4722
-3722 -5700
-3722 -5711
-3722 -5720
-3722 -5722
-4700 -4711
-4700 -4720
-4700 -4722
-4700 -5700
-4700 -5711
-4700 -5720
-4700 -5722
-4711 -4720
-4711 -4722
-4711 -5700
-4711 -5711
-4711 -5720
-4711 -5722
-4720 -4722
-4720 -5700
-4720 -5711
-4720 -5720
-4720 -5722
-4722 -5700
-4722 -5711
-4722 -5720
-4722 -5722
-5700 -5711
-5700 -5720
-5700 -5722
-5711 -5720
-5711 -5722
-5720 -5722
3700 3710 3720 3701 3711 3721 3702 3712 3722 4700 4711 4720 4722 5700 5711 5720 5722
7820 7800 7801 7802 7810 7811 7812 7821 7822
-7800 -7801
-7800 -7802
-7800 -7810
-7800 -7811
-7800 -7812
-7800 -7820
-7800 -7821
-7800 -7822
-7801 -7802
-7801 -7810
-7801 -7811
-7801 -7812
-7801 -7820
-7801 -7821
-7801 -7822
-7802 -7810
-7802 -7811
-7802 -7812
-7802 -7820
-7802 -7821
-7802 -7822
-7810 -7811
-7810 -7812
-7810 -7820
-7810 -7821
-7810 -7822
-7811 -7812
-7811 -7820
-7811 -7821
-7811 -7822
-7812 -7820
-7812 -7821
-7812 -7822
-7820 -7821
-7820 -7822
-7821 -7822
-7820 3720 5720 4720
-7800 3700 5700 4700
-7801 3701
-7802 3702
-7810 3710
-7811 3711 5711 4711
-7812 3712
-7821 3721
-7822 3722 5722 4722
6800 4700 -6700
6811 4711 -6711
6820 4720 -6720
6822 4722 -6722
-2800 5700 2700
-2811 5711 2711
-2820 5720 2720
-2822 5722 2722
-3800 7801 7810 
-3800 7900 
-3810 7800 7811 7820 
-3810 7910
-3820 7810 7821 
-3820 7920
-3801 7800 7811 7802  
-3801 7901 
-3811 7801 7810 7812 7821 
-3811 7911
-3821 7820 7811 7822  
-3821 7921
-3802 7801 7812 
-3802 7902 
-3812 7802 7811 7822  
-3812 7912
-3822 7812 7821 
-3822 7922
-4800 7800
-4800 6800
-4800 100
-4800 -6900
-4800 7900
-4801 7801
-4801 6801
-4801 101
-4801 -6901
-4801 7901
-4802 7802
-4802 6802
-4802 102
-4802 -6902
-4802 7902
-4810 7810
-4810 6810
-4810 110
-4810 -6910
-4810 7910
-4811 7811
-4811 6811
-4811 111
-4811 -6911
-4811 7911
-4812 7812
-4812 6812
-4812 112
-4812 -6912
-4812 7912
-4820 7820
-4820 6820
-4820 120
-4820 -6920
-4820 7920
-4821 7821
-4821 6821
-4821 121
-4821 -6921
-4821 7921
-4822 7822
-4822 6822
-4822 122
-4822 -6922
-4822 7922
-5800 7800
-5800 6800
-5800 -100
-5800 -2800
-5800 2900
-5800 7900
-5801 7801
-5801 6801
-5801 -101
-5801 -2801
-5801 2901
-5801 7901
-5802 7802
-5802 6802
-5802 -102
-5802 -2802
-5802 2902
-5802 7902
-5810 7810
-5810 6810
-5810 -110
-5810 -2810
-5810 2910
-5810 7910
-5811 7811
-5811 6811
-5811 -111
-5811 -2811
-5811 2911
-5811 7911
-5812 7812
-5812 6812
-5812 -112
-5812 -2812
-5812 2912
-5812 7912
-5820 7820
-5820 6820
-5820 -120
-5820 -2820
-5820 2920
-5820 7920
-5821 7821
-5821 6821
-5821 -121
-5821 -2821
-5821 2921
-5821 7921
-5822 7822
-5822 6822
-5822 -122
-5822 -2822
-5822 2922
-5822 7922
-3800 -3810
-3800 -3820
-3800 -3801 
-3800 -3811 
-3800 -3821
-3800 -3802
-3800 -3812 
-3800 -3822
-3800 -4800
-3800 -4811
-3800 -4820
-3800 -4822
-3800 -5800
-3800 -5811
-3800 -5820
-3800 -5822
-3810 -3820
-3810 -3801 
-3810 -3811 
-3810 -3821
-3810 -3802
-3810 -3812 
-3810 -3822
-3810 -4800
-3810 -4811
-3810 -4820
-3810 -4822
-3810 -5800
-3810 -5811
-3810 -5820
-3810 -5822
-3820 -3801 
-3820 -3811 
-3820 -3821
-3820 -3802
-3820 -3812 
-3820 -3822
-3820 -4800
-3820 -4811
-3820 -4820
-3820 -4822
-3820 -5800
-3820 -5811
-3820 -5820
-3820 -5822
-3801 -3811 
-3801 -3821
-3801 -3802
-3801 -3812 
-3801 -3822
-3801 -4800
-3801 -4811
-3801 -4820
-3801 -4822
-3801 -5800
-3801 -5811
-3801 -5820
-3801 -5822
-3811 -3821
-3811 -3802
-3811 -3812 
-3811 -3822
-3811 -4800
-3811 -4811
-3811 -4820
-3811 -4822
-3811 -5800
-3811 -5811
-3811 -5820
-3811 -5822
-3821 -3802
-3821 -3812 
-3821 -3822
-3821 -4800
-3821 -4811
-3821 -4820
-3821 -4822
-3821 -5800
-3821 -5811
-3821 -5820
-3821 -5822
-3802 -3812 
-3802 -3822
-3802 -4800
-3802 -4811
-3802 -4820
-3802 -4822
-3802 -5800
-3802 -5811
-3802 -5820
-3802 -5822
-3812 -3822
-3812 -4800
-3812 -4811
-3812 -4820
-3812 -4822
-3812 -5800
-3812 -5811
-3812 -5820
-3812 -5822
-3822 -4800
-3822 -4811
-3822 -4820
-3822 -4822
-3822 -5800
-3822 -5811
-3822 -5820
-3822 -5822
-4800 -4811
-4800 -4820
-4800 -4822
-4800 -5800
-4800 -5811
-4800 -5820
-4800 -5822
-4811 -4820
-4811 -4822
-4811 -5800
-4811 -5811
-4811 -5820
-4811 -5822
-4820 -4822
-4820 -5800
-4820 -5811
-4820 -5820
-4820 -5822
-4822 -5800
-4822 -5811
-4822 -5820
-4822 -5822
-5800 -5811
-5800 -5820
-5800 -5822
-5811 -5820
-5811 -5822
-5820 -5822
3800 3810 3820 3801 3811 3821 3802 3812 3822 4800 4811 4820 4822 5800 5811 5820 5822
7920 7900 7901 7902 7910 7911 7912 7921 7922
-7900 -7901
-7900 -7902
-7900 -7910
-7900 -7911
-7900 -7912
-7900 -7920
-7900 -7921
-7900 -7922
-7901 -7902
-7901 -7910
-7901 -7911
-7901 -7912
-7901 -7920
-7901 -7921
-7901 -7922
-7902 -7910
-7902 -7911
-7902 -7912
-7902 -7920
-7902 -7921
-7902 -7922
-7910 -7911
-7910 -7912
-7910 -7920
-7910 -7921
-7910 -7922
-7911 -7912
-7911 -7920
-7911 -7921
-7911 -7922
-7912 -7920
-7912 -7921
-7912 -7922
-7920 -7921
-7920 -7922
-7921 -7922
-7920 3820 5820 4820
-7900 3800 5800 4800
-7901 3801
-7902 3802
-7910 3810
-7911 3811 5811 4811
-7912 3812
-7921 3821
-7922 3822 5822 4822
6900 4800 -6800
6911 4811 -6811
6920 4820 -6820
6922 4822 -6822
-2900 5800 2800
-2911 5811 2811
-2920 5820 2820
-2922 5822 2822
-3900 7901 7910 
-3900 71000 
-3910 7900 7911 7920 
-3910 71010
-3920 7910 7921 
-3920 71020
-3901 7900 7911 7902  
-3901 71001 
-3911 7901 7910 7912 7921 
-3911 71011
-3921 7920 7911 7922  
-3921 71021
-3902 7901 7912 
-3902 71002 
-3912 7902 7911 7922  
-3912 71012
-3922 7912 7921 
-3922 71022
-4900 7900
-4900 6900
-4900 100
-4900 -61000
-4900 71000
-4901 7901
-4901 6901
-4901 101
-4901 -61001
-4901 71001
-4902 7902
-4902 6902
-4902 102
-4902 -61002
-4902 71002
-4910 7910
-4910 6910
-4910 110
-4910 -61010
-4910 71010
-4911 7911
-4911 6911
-4911 111
-4911 -61011
-4911 71011
-4912 7912
-4912 6912
-4912 112
-4912 -61012
-4912 71012
-4920 7920
-4920 6920
-4920 120
-4920 -61020
-4920 71020
-4921 7921
-4921 6921
-4921 121
-4921 -61021
-4921 71021
-4922 7922
-4922 6922
-4922 122
-4922 -61022
-4922 71022
-5900 7900
-5900 6900
-5900 -100
-5900 -2900
-5900 21000
-5900 71000
-5901 7901
-5901 6901
-5901 -101
-5901 -2901
-5901 21001
-5901 71001
-5902 7902
-5902 6902
-5902 -102
-5902 -2902
-5902 21002
-5902 71002
-5910 7910
-5910 6910
-5910 -110
-5910 -2910
-5910 21010
-5910 71010
-5911 7911
-5911 6911
-5911 -111
-5911 -2911
-5911 21011
-5911 71011
-5912 7912
-5912 6912
-5912 -112
-5912 -2912
-5912 21012
-5912 71012
-5920 7920
-5920 6920
-5920 -120
-5920 -2920
-5920 21020
-5920 71020
-5921 7921
-5921 6921
-5921 -121
-5921 -2921
-5921 21021
-5921 71021
-5922 7922
-5922 6922
-5922 -122
-5922 -2922
-5922 21022
-5922 71022
-3900 -3910
-3900 -3920
-3900 -3901 
-3900 -3911 
-3900 -3921
-3900 -3902
-3900 -3912 
-3900 -3922
-3900 -4900
-3900 -4911
-3900 -4920
-3900 -4922
-3900 -5900
-3900 -5911
-3900 -5920
-3900 -5922
-3910 -3920
-3910 -3901 
-3910 -3911 
-3910 -3921
-3910 -3902
-3910 -3912 
-3910 -3922
-3910 -4900
-3910 -4911
-3910 -4920
-3910 -4922
-3910 -5900
-3910 -5911
-3910 -5920
-3910 -5922
-3920 -3901 
-3920 -3911 
-3920 -3921
-3920 -3902
-3920 -3912 
-3920 -3922
-3920 -4900
-3920 -4911
-3920 -4920
-3920 -4922
-3920 -5900
-3920 -5911
-3920 -5920
-3920 -5922
-3901 -3911 
-3901 -3921
-3901 -3902
-3901 -3912 
-3901 -3922
-3901 -4900
-3901 -4911
-3901 -4920
-3901 -4922
-3901 -5900
-3901 -5911
-3901 -5920
-3901 -5922
-3911 -3921
-3911 -3902
-3911 -3912 
-3911 -3922
-3911 -4900
-3911 -4911
-3911 -4920
-3911 -4922
-3911 -5900
-3911 -5911
-3911 -5920
-3911 -5922
-3921 -3902
-3921 -3912 
-3921 -3922
-3921 -4900
-3921 -4911
-3921 -4920
-3921 -4922
-3921 -5900
-3921 -5911
-3921 -5920
-3921 -5922
-3902 -3912 
-3902 -3922
-3902 -4900
-3902 -4911
-3902 -4920
-3902 -4922
-3902 -5900
-3902 -5911
-3902 -5920
-3902 -5922
-3912 -3922
-3912 -4900
-3912 -4911
-3912 -4920
-3912 -4922
-3912 -5900
-3912 -5911
-3912 -5920
-3912 -5922
-3922 -4900
-3922 -4911
-3922 -4920
-3922 -4922
-3922 -5900
-3922 -5911
-3922 -5920
-3922 -5922
-4900 -4911
-4900 -4920
-4900 -4922
-4900 -5900
-4900 -5911
-4900 -5920
-4900 -5922
-4911 -4920
-4911 -4922
-4911 -5900
-4911 -5911
-4911 -5920
-4911 -5922
-4920 -4922
-4920 -5900
-4920 -5911
-4920 -5920
-4920 -5922
-4922 -5900
-4922 -5911
-4922 -5920
-4922 -5922
-5900 -5911
-5900 -5920
-5900 -5922
-5911 -5920
-5911 -5922
-5920 -5922
3900 3910 3920 3901 3911 3921 3902 3912 3922 4900 4911 4920 4922 5900 5911 5920 5922
71020 71000 71001 71002 71010 71011 71012 71021 71022
-71000 -71001
-71000 -71002
-71000 -71010
-71000 -71011
-71000 -71012
-71000 -71020
-71000 -71021
-71000 -71022
-71001 -71002
-71001 -71010
-71001 -71011
-71001 -71012
-71001 -71020
-71001 -71021
-71001 -71022
-71002 -71010
-71002 -71011
-71002 -71012
-71002 -71020
-71002 -71021
-71002 -71022
-71010 -71011
-71010 -71012
-71010 -71020
-71010 -71021
-71010 -71022
-71011 -71012
-71011 -71020
-71011 -71021
-71011 -71022
-71012 -71020
-71012 -71021
-71012 -71022
-71020 -71021
-71020 -71022
-71021 -71022
-71020 3920 5920 4920
-71000 3900 5900 4900
-71001 3901
-71002 3902
-71010 3910
-71011 3911 5911 4911
-71012 3912
-71021 3921
-71022 3922 5922 4922
61000 4900 -6900
61011 4911 -6911
61020 4920 -6920
61022 4922 -6922
-21000 5900 2900
-21011 5911 2911
-21020 5920 2920
-21022 5922 2922
-31000 71001 71010 
-31000 71100 
-31010 71000 71011 71020 
-31010 71110
-31020 71010 71021 
-31020 71120
-31001 71000 71011 71002  
-31001 71101 
-31011 71001 71010 71012 71021 
-31011 71111
-31021 71020 71011 71022  
-31021 71121
-31002 71001 71012 
-31002 71102 
-31012 71002 71011 71022  
-31012 71112
-31022 71012 71021 
-31022 71122
-41000 71000
-41000 61000
-41000 100
-41000 -61100
-41000 71100
-41001 71001
-41001 61001
-41001 101
-41001 -61101
-41001 71101
-41002 71002
-41002 61002
-41002 102
-41002 -61102
-41002 71102
-41010 71010
-41010 61010
-41010 110
-41010 -61110
-41010 71110
-41011 71011
-41011 61011
-41011 111
-41011 -61111
-41011 71111
-41012 71012
-41012 61012
-41012 112
-41012 -61112
-41012 71112
-41020 71020
-41020 61020
-41020 120
-41020 -61120
-41020 71120
-41021 71021
-41021 61021
-41021 121
-41021 -61121
-41021 71121
-41022 71022
-41022 61022
-41022 122
-41022 -61122
-41022 71122
-51000 71000
-51000 61000
-51000 -100
-51000 -21000
-51000 21100
-51000 71100
-51001 71001
-51001 61001
-51001 -101
-51001 -21001
-51001 21101
-51001 71101
-51002 71002
-51002 61002
-51002 -102
-51002 -21002
-51002 21102
-51002 71102
-51010 71010
-51010 61010
-51010 -110
-51010 -21010
-51010 21110
-51010 71110
-51011 71011
-51011 61011
-51011 -111
-51011 -21011
-51011 21111
-51011 71111
-51012 71012
-51012 61012
-51012 -112
-51012 -21012
-51012 21112
-51012 71112
-51020 71020
-51020 61020
-51020 -120
-51020 -21020
-51020 21120
-51020 71120
-51021 71021
-51021 61021
-51021 -121
-51021 -21021
-51021 21121
-51021 71121
-51022 71022
-51022 61022
-51022 -122
-51022 -21022
-51022 21122
-51022 71122
-31000 -31010
-31000 -31020
-31000 -31001 
-31000 -31011 
-31000 -31021
-31000 -31002
-31000 -31012 
-31000 -31022
-31000 -41000
-31000 -41011
-31000 -41020
-31000 -41022
-31000 -51000
-31000 -51011
-31000 -51020
-31000 -51022
-31010 -31020
-31010 -31001 
-31010 -31011 
-31010 -31021
-31010 -31002
-31010 -31012 
-31010 -31022
-31010 -41000
-31010 -41011
-31010 -41020
-31010 -41022
-31010 -51000
-31010 -51011
-31010 -51020
-31010 -51022
-31020 -31001 
-31020 -31011 
-31020 -31021
-31020 -31002
-31020 -31012 
-31020 -31022
-31020 -41000
-31020 -41011
-31020 -41020
-31020 -41022
-31020 -51000
-31020 -51011
-31020 -51020
-31020 -51022
-31001 -31011 
-31001 -31021
-31001 -31002
-31001 -31012 
-31001 -31022
-31001 -41000
-31001 -41011
-31001 -41020
-31001 -41022
-31001 -51000
-31001 -51011
-31001 -51020
-31001 -51022
-31011 -31021
-31011 -31002
-31011 -31012 
-31011 -31022
-31011 -41000
-31011 -41011
-31011 -41020
-31011 -41022
-31011 -51000
-31011 -51011
-31011 -51020
-31011 -51022
-31021 -31002
-31021 -31012 
-31021 -31022
-31021 -41000
-31021 -41011
-31021 -41020
-31021 -41022
-31021 -51000
-31021 -51011
-31021 -51020
-31021 -51022
-31002 -31012 
-31002 -31022
-31002 -41000
-31002 -41011
-31002 -41020
-31002 -41022
-31002 -51000
-31002 -51011
-31002 -51020
-31002 -51022
-31012 -31022
-31012 -41000
-31012 -41011
-31012 -41020
-31012 -41022
-31012 -51000
-31012 -51011
-31012 -51020
-31012 -51022
-31022 -41000
-31022 -41011
-31022 -41020
-31022 -41022
-31022 -51000
-31022 -51011
-31022 -51020
-31022 -51022
-41000 -41011
-41000 -41020
-41000 -41022
-41000 -51000
-41000 -51011
-41000 -51020
-41000 -51022
-41011 -41020
-41011 -41022
-41011 -51000
-41011 -51011
-41011 -51020
-41011 -51022
-41020 -41022
-41020 -51000
-41020 -51011
-41020 -51020
-41020 -51022
-41022 -51000
-41022 -51011
-41022 -51020
-41022 -51022
-51000 -51011
-51000 -51020
-51000 -51022
-51011 -51020
-51011 -51022
-51020 -51022
31000 31010 31020 31001 31011 31021 31002 31012 31022 41000 41011 41020 41022 51000 51011 51020 51022
71120 71100 71101 71102 71110 71111 71112 71121 71122
-71100 -71101
-71100 -71102
-71100 -71110
-71100 -71111
-71100 -71112
-71100 -71120
-71100 -71121
-71100 -71122
-71101 -71102
-71101 -71110
-71101 -71111
-71101 -71112
-71101 -71120
-71101 -71121
-71101 -71122
-71102 -71110
-71102 -71111
-71102 -71112
-71102 -71120
-71102 -71121
-71102 -71122
-71110 -71111
-71110 -71112
-71110 -71120
-71110 -71121
-71110 -71122
-71111 -71112
-71111 -71120
-71111 -71121
-71111 -71122
-71112 -71120
-71112 -71121
-71112 -71122
-71120 -71121
-71120 -71122
-71121 -71122
-71120 31020 51020 41020
-71100 31000 51000 41000
-71101 31001
-71102 31002
-71110 31010
-71111 31011 51011 41011
-71112 31012
-71121 31021
-71122 31022 51022 41022
61100 41000 -61000
61111 41011 -61011
61120 41020 -61020
61122 41022 -61022
-21100 51000 21000
-21111 51011 21011
-21120 51020 21020
-21122 51022 21022
-31100 71101 71110 
-31100 71200 
-31110 71100 71111 71120 
-31110 71210
-31120 71110 71121 
-31120 71220
-31101 71100 71111 71102  
-31101 71201 
-31111 71101 71110 71112 71121 
-31111 71211
-31121 71120 71111 71122  
-31121 71221
-31102 71101 71112 
-31102 71202 
-31112 71102 71111 71122  
-31112 71212
-31122 71112 71121 
-31122 71222
-41100 71100
-41100 61100
-41100 100
-41100 -61200
-41100 71200
-41101 71101
-41101 61101
-41101 101
-41101 -61201
-41101 71201
-41102 71102
-41102 61102
-41102 102
-41102 -61202
-41102 71202
-41110 71110
-41110 61110
-41110 110
-41110 -61210
-41110 71210
-41111 71111
-41111 61111
-41111 111
-41111 -61211
-41111 71211
-41112 71112
-41112 61112
-41112 112
-41112 -61212
-41112 71212
-41120 71120
-41120 61120
-41120 120
-41120 -61220
-41120 71220
-41121 71121
-41121 61121
-41121 121
-41121 -61221
-41121 71221
-41122 71122
-41122 61122
-41122 122
-41122 -61222
-41122 71222
-51100 71100
-51100 61100
-51100 -100
-51100 -21100
-51100 21200
-51100 71200
-51101 71101
-51101 61101
-51101 -101
-51101 -21101
-51101 21201
-51101 71201
-51102 71102
-51102 61102
-51102 -102
-51102 -21102
-51102 21202
-51102 71202
-51110 71110
-51110 61110
-51110 -110
-51110 -21110
-51110 21210
-51110 71210
-51111 71111
-51111 61111
-51111 -111
-51111 -21111
-51111 21211
-51111 71211
-51112 71112
-51112 61112
-51112 -112
-51112 -21112
-51112 21212
-51112 71212
-51120 71120
-51120 61120
-51120 -120
-51120 -21120
-51120 21220
-51120 71220
-51121 71121
-51121 61121
-51121 -121
-51121 -21121
-51121 21221
-51121 71221
-51122 71122
-51122 61122
-51122 -122
-51122 -21122
-51122 21222
-51122 71222
-31100 -31110
-31100 -31120
-31100 -31101 
-31100 -31111 
-31100 -31121
-31100 -31102
-31100 -31112 
-31100 -31122
-31100 -41100
-31100 -41111
-31100 -41120
-31100 -41122
-31100 -51100
-31100 -51111
-31100 -51120
-31100 -51122
-31110 -31120
-31110 -31101 
-31110 -31111 
-31110 -31121
-31110 -31102
-31110 -31112 
-31110 -31122
-31110 -41100
-31110 -41111
-31110 -41120
-31110 -41122
-31110 -51100
-31110 -51111
-31110 -51120
-31110 -51122
-31120 -31101 
-31120 -31111 
-31120 -31121
-31120 -31102
-31120 -31112 
-31120 -31122
-31120 -41100
-31120 -41111
-31120 -41120
-31120 -41122
-31120 -51100
-31120 -51111
-31120 -51120
-31120 -51122
-31101 -31111 
-31101 -31121
-31101 -31102
-31101 -31112 
-31101 -31122
-31101 -41100
-31101 -41111
-31101 -41120
-31101 -41122
-31101 -51100
-31101 -51111
-31101 -51120
-31101 -51122
-31111 -31121
-31111 -31102
-31111 -31112 
-31111 -31122
-31111 -41100
-31111 -41111
-31111 -41120
-31111 -41122
-31111 -51100
-31111 -51111
-31111 -51120
-31111 -51122
-31121 -31102
-31121 -31112 
-31121 -31122
-31121 -41100
-31121 -41111
-31121 -41120
-31121 -41122
-31121 -51100
-31121 -51111
-31121 -51120
-31121 -51122
-31102 -31112 
-31102 -31122
-31102 -41100
-31102 -41111
-31102 -41120
-31102 -41122
-31102 -51100
-31102 -51111
-31102 -51120
-31102 -51122
-31112 -31122
-31112 -41100
-31112 -41111
-31112 -41120
-31112 -41122
-31112 -51100
-31112 -51111
-31112 -51120
-31112 -51122
-31122 -41100
-31122 -41111
-31122 -41120
-31122 -41122
-31122 -51100
-31122 -51111
-31122 -51120
-31122 -51122
-41100 -41111
-41100 -41120
-41100 -41122
-41100 -51100
-41100 -51111
-41100 -51120
-41100 -51122
-41111 -41120
-41111 -41122
-41111 -51100
-41111 -51111
-41111 -51120
-41111 -51122
-41120 -41122
-41120 -51100
-41120 -51111
-41120 -51120
-41120 -51122
-41122 -51100
-41122 -51111
-41122 -51120
-41122 -51122
-51100 -51111
-51100 -51120
-51100 -51122
-51111 -51120
-51111 -51122
-51120 -51122
31100 31110 31120 31101 31111 31121 31102 31112 31122 41100 41111 41120 41122 51100 51111 51120 51122
71220 71200 71201 71202 71210 71211 71212 71221 71222
-71200 -71201
-71200 -71202
-71200 -71210
-71200 -71211
-71200 -71212
-71200 -71220
-71200 -71221
-71200 -71222
-71201 -71202
-71201 -71210
-71201 -71211
-71201 -71212
-71201 -71220
-71201 -71221
-71201 -71222
-71202 -71210
-71202 -71211
-71202 -71212
-71202 -71220
-71202 -71221
-71202 -71222
-71210 -71211
-71210 -71212
-71210 -71220
-71210 -71221
-71210 -71222
-71211 -71212
-71211 -71220
-71211 -71221
-71211 -71222
-71212 -71220
-71212 -71221
-71212 -71222
-71220 -71221
-71220 -71222
-71221 -71222
-71220 31120 51120 41120
-71200 31100 51100 41100
-71201 31101
-71202 31102
-71210 31110
-71211 31111 51111 41111
-71212 31112
-71221 31121
-71222 31122 51122 41122
61200 41100 -61100
61211 41111 -61111
61220 41120 -61120
61222 41122 -61122
-21200 51100 21100
-21211 51111 21111
-21220 51120 21120
-21222 51122 21122
-31200 71201 71210 
-31200 71300 
-31210 71200 71211 71220 
-31210 71310
-31220 71210 71221 
-31220 71320
-31201 71200 71211 71202  
-31201 71301 
-31211 71201 71210 71212 71221 
-31211 71311
-31221 71220 71211 71222  
-31221 71321
-31202 71201 71212 
-31202 71302 
-31212 71202 71211 71222  
-31212 71312
-31222 71212 71221 
-31222 71322
-41200 71200
-41200 61200
-41200 100
-41200 -61300
-41200 71300
-41201 71201
-41201 61201
-41201 101
-41201 -61301
-41201 71301
-41202 71202
-41202 61202
-41202 102
-41202 -61302
-41202 71302
-41210 71210
-41210 61210
-41210 110
-41210 -61310
-41210 71310
-41211 71211
-41211 61211
-41211 111
-41211 -61311
-41211 71311
-41212 71212
-41212 61212
-41212 112
-41212 -61312
-41212 71312
-41220 71220
-41220 61220
-41220 120
-41220 -61320
-41220 71320
-41221 71221
-41221 61221
-41221 121
-41221 -61321
-41221 71321
-41222 71222
-41222 61222
-41222 122
-41222 -61322
-41222 71322
-51200 71200
-51200 61200
-51200 -100
-51200 -21200
-51200 21300
-51200 71300
-51201 71201
-51201 61201
-51201 -101
-51201 -21201
-51201 21301
-51201 71301
-51202 71202
-51202 61202
-51202 -102
-51202 -21202
-51202 21302
-51202 71302
-51210 71210
-51210 61210
-51210 -110
-51210 -21210
-51210 21310
-51210 71310
-51211 71211
-51211 61211
-51211 -111
-51211 -21211
-51211 21311
-51211 71311
-51212 71212
-51212 61212
-51212 -112
-51212 -21212
-51212 21312
-51212 71312
-51220 71220
-51220 61220
-51220 -120
-51220 -21220
-51220 21320
-51220 71320
-51221 71221
-51221 61221
-51221 -121
-51221 -21221
-51221 21321
-51221 71321
-51222 71222
-51222 61222
-51222 -122
-51222 -21222
-51222 21322
-51222 71322
-31200 -31210
-31200 -31220
-31200 -31201 
-31200 -31211 
-31200 -31221
-31200 -31202
-31200 -31212 
-31200 -31222
-31200 -41200
-31200 -41211
-31200 -41220
-31200 -41222
-31200 -51200
-31200 -51211
-31200 -51220
-31200 -51222
-31210 -31220
-31210 -31201 
-31210 -31211 
-31210 -31221
-31210 -31202
-31210 -31212 
-31210 -31222
-31210 -41200
-31210 -41211
-31210 -41220
-31210 -41222
-31210 -51200
-31210 -51211
-31210 -51220
-31210 -51222
-31220 -31201 
-31220 -31211 
-31220 -31221
-31220 -31202
-31220 -31212 
-31220 -31222
-31220 -41200
-31220 -41211
-31220 -41220
-31220 -41222
-31220 -51200
-31220 -51211
-31220 -51220
-31220 -51222
-31201 -31211 
-31201 -31221
-31201 -31202
-31201 -31212 
-31201 -31222
-31201 -41200
-31201 -41211
-31201 -41220
-31201 -41222
-31201 -51200
-31201 -51211
-31201 -51220
-31201 -51222
-31211 -31221
-31211 -31202
-31211 -31212 
-31211 -31222
-31211 -41200
-31211 -41211
-31211 -41220
-31211 -41222
-31211 -51200
-31211 -51211
-31211 -51220
-31211 -51222
-31221 -31202
-31221 -31212 
-31221 -31222
-31221 -41200
-31221 -41211
-31221 -41220
-31221 -41222
-31221 -51200
-31221 -51211
-31221 -51220
-31221 -51222
-31202 -31212 
-31202 -31222
-31202 -41200
-31202 -41211
-31202 -41220
-31202 -41222
-31202 -51200
-31202 -51211
-31202 -51220
-31202 -51222
-31212 -31222
-31212 -41200
-31212 -41211
-31212 -41220
-31212 -41222
-31212 -51200
-31212 -51211
-31212 -51220
-31212 -51222
-31222 -41200
-31222 -41211
-31222 -41220
-31222 -41222
-31222 -51200
-31222 -51211
-31222 -51220
-31222 -51222
-41200 -41211
-41200 -41220
-41200 -41222
-41200 -51200
-41200 -51211
-41200 -51220
-41200 -51222
-41211 -41220
-41211 -41222
-41211 -51200
-41211 -51211
-41211 -51220
-41211 -51222
-41220 -41222
-41220 -51200
-41220 -51211
-41220 -51220
-41220 -51222
-41222 -51200
-41222 -51211
-41222 -51220
-41222 -51222
-51200 -51211
-51200 -51220
-51200 -51222
-51211 -51220
-51211 -51222
-51220 -51222
31200 31210 31220 31201 31211 31221 31202 31212 31222 41200 41211 41220 41222 51200 51211 51220 51222
71320 71300 71301 71302 71310 71311 71312 71321 71322
-71300 -71301
-71300 -71302
-71300 -71310
-71300 -71311
-71300 -71312
-71300 -71320
-71300 -71321
-71300 -71322
-71301 -71302
-71301 -71310
-71301 -71311
-71301 -71312
-71301 -71320
-71301 -71321
-71301 -71322
-71302 -71310
-71302 -71311
-71302 -71312
-71302 -71320
-71302 -71321
-71302 -71322
-71310 -71311
-71310 -71312
-71310 -71320
-71310 -71321
-71310 -71322
-71311 -71312
-71311 -71320
-71311 -71321
-71311 -71322
-71312 -71320
-71312 -71321
-71312 -71322
-71320 -71321
-71320 -71322
-71321 -71322
-71320 31220 51220 41220
-71300 31200 51200 41200
-71301 31201
-71302 31202
-71310 31210
-71311 31211 51211 41211
-71312 31212
-71321 31221
-71322 31222 51222 41222
61300 41200 -61200
61311 41211 -61211
61320 41220 -61220
61322 41222 -61222
-21300 51200 21200
-21311 51211 21211
-21320 51220 21220
-21322 51222 21222
21200
-61211
-61220
21222
